0,-1,0,2,0,0,0,0,0,0,0,минута,'something'
0,1,0,1,0,0,0,0,0,0,0,взор,'something'
0,1,0,1,0,0,0,0,0,0,0,домик,'something'
1,0,1,3,2,0,0,1,0,0,0,руссо,'person'
0,-1,0,1,0,0,0,0,0,0,0,стрела,'something'
0,1,0,1,1,0,0,1,0,0,0,молоточек,'something'
0,1,0,2,0,0,0,0,0,0,0,день
0,0,0,2,3,0,0,0,0,0,0,тук
1,-1,1,2,0,0,0,0,0,0,0,голова
0,-1,0,1,1,0,0,1,0,0,0,лампа,'something'
0,-1,0,1,0,0,0,0,0,0,0,терраса,'something'
0,0,0,1,0,0,0,0,0,0,0,сомнение,'something'
0,-1,0,1,0,0,0,0,0,0,0,бумага,'something'
0,1,0,1,0,0,0,0,0,0,0,возглас,'something'
0,0,0,1,0,0,0,0,0,0,0,целое,'something'
0,1,0,1,0,0,0,0,0,0,0,билет,'something'
0,1,0,1,0,0,0,0,0,0,0,вызов,'something'
0,1,0,1,0,0,0,0,0,0,0,журнал,'something'
0,0,1,1,1,0,0,1,0,0,0,дитя,'person'
0,1,0,1,0,0,0,0,0,0,0,пол,'something'
0,-1,0,3,0,0,0,0,0,0,0,мысль,'object'
0,1,0,1,0,0,0,0,0,0,0,взгляд,'something'
0,-1,0,1,0,0,0,0,0,0,0,душа,'something'
1,1,1,1,0,0,0,0,0,0,0,лидий
0,1,1,1,0,0,0,0,0,0,0,человек,'person'
0,1,0,3,0,0,0,0,0,0,0,экзамен,'object'
0,1,0,2,0,0,0,0,0,0,0,экзамен
0,0,0,1,0,0,0,0,0,0,0,буря,'something'
0,0,0,1,1,0,0,1,0,0,0,средство,'object'
0,-1,0,1,0,0,0,0,0,0,0,стена,'something'
0,-1,0,2,0,0,0,0,0,0,0,любовь,'object'
0,1,0,1,1,0,0,1,0,0,0,балл,'object'
1,1,1,1,0,0,0,0,0,0,0,корнел
0,-1,1,1,0,0,0,0,0,0,0,подруга,'person'
0,1,0,1,0,0,0,0,0,0,0,творожник,'something'
0,-1,1,1,1,0,0,0,0,0,0,счастливица,'person'
0,-1,0,1,0,0,0,0,0,0,0,гимназия,'something'
0,1,0,1,0,0,0,0,0,0,0,лист,'something'
0,0,0,1,0,0,0,0,0,0,0,утомление,'something'
0,0,0,7,5,0,0,5,0,0,0,я,'person'
0,1,0,2,2,0,0,2,0,0,0,мир,'object'
0,1,1,2,0,0,0,0,0,0,0,бог
1,1,1,2,0,0,0,0,0,0,0,павел,'person'
0,-1,1,1,0,0,0,0,0,0,0,девочка,'person'
0,1,0,1,0,0,0,0,0,0,0,экзамен,'something'
0,1,0,3,0,0,0,0,0,0,0,голос,'object'
0,-1,1,3,0,0,0,0,0,0,0,маленькая
0,0,0,5,0,0,0,0,0,0,0,время,'object'
0,1,0,1,1,0,0,0,0,0,0,конец,'something'
0,1,0,2,0,0,0,0,0,0,0,экзамен
0,1,0,2,1,0,0,1,0,0,0,обед /ДЛЯ ТЕСТА
0,1,0,1,0,0,0,0,0,0,0,алфавит,'something'
0,1,0,2,0,0,0,0,0,0,0,урок,'something'
0,1,0,1,0,0,0,0,0,0,0,час,'something'
0,0,0,1,0,0,0,0,0,0,0,ребята,'something'
0,-1,0,1,0,0,0,0,0,0,0,коса,'something'
0,1,0,2,0,0,0,0,0,0,0,голосок,'something'
0,0,0,1,0,0,0,0,0,0,0,начало,'something'
0,1,0,1,0,0,0,0,0,0,0,палец,'something'
0,-1,0,1,0,0,0,0,0,0,0,тоска,'something'
0,-1,1,1,0,0,0,0,0,0,0,девочка
0,1,0,1,0,0,0,0,0,0,0,час,'something'
0,1,0,2,0,0,0,0,0,0,0,вздох,'something'
1,1,1,1,0,0,0,0,0,0,0,толстой //ДЛЯ ТЕСТА
0,-1,0,1,0,0,0,0,0,0,0,волна,'something'
0,1,0,1,0,0,0,0,0,0,0,зал,'something'
0,0,0,1,0,0,0,0,0,0,0,окончание,'something'
1,1,1,1,0,0,0,0,0,0,0,баринов /ДЛЯ ТЕСТА
0,1,0,1,0,0,0,0,0,0,0,предмет,'something'
0,1,0,1,2,0,0,1,0,0,0,порыв /ДЛЯ ТЕСТА
0,0,0,1,0,0,0,0,0,0,0,спальнее,'something'
0,1,0,1,0,0,0,0,0,0,0,помидор
0,-1,1,3,0,0,0,0,0,0,0,подруга,'person'
0,1,0,1,0,0,0,0,0,0,0,домик
0,-1,1,2,0,0,0,0,0,0,0,подруга,'person'
1,-1,1,2,1,0,0,1,0,0,0,инна,'person'
0,1,1,1,0,0,0,0,0,0,0,бог
1,1,1,1,0,0,0,0,0,0,0,купцов
0,1,0,1,0,0,0,0,0,0,0,порыв
0,-1,0,1,0,0,0,0,0,0,0,соната
0,-1,1,2,3,0,0,1,0,0,0,подруга,'person'
0,1,1,1,0,0,0,0,0,0,0,цыплёнок
0,1,0,2,0,0,0,0,0,0,0,пирог
0,-1,1,1,0,0,0,0,0,0,0,жительница
0,-1,1,4,3,0,0,2,0,0,0,девочка,'person'
0,1,0,1,0,0,0,0,0,0,0,чай
0,-1,0,2,0,0,0,0,0,0,0,головка
0,-1,1,1,1,0,0,1,0,0,0,брюнетка,'person'
0,-1,0,1,0,0,0,0,0,0,0,прозрачность
0,-1,1,1,0,0,0,0,0,0,0,жена
0,0,0,1,0,0,0,0,0,0,0,огорчение
0,-1,0,1,0,0,0,0,0,0,0,тарелка
0,-1,0,1,0,0,0,0,0,0,0,гостиная
0,1,1,2,2,0,0,0,0,0,0,молодец,'person'
0,0,0,1,0,0,0,0,0,0,0,старое
0,-1,0,1,0,0,0,0,0,0,0,мера
0,-1,0,2,0,0,0,0,0,0,0,минута
0,-1,1,1,0,0,0,0,0,0,0,русалка
0,-1,0,2,0,0,0,0,0,0,0,музыка
0,-1,0,1,0,0,0,0,0,0,0,колыбель
0,-1,0,2,0,0,0,0,0,0,0,минута
0,1,0,1,0,0,0,0,0,0,0,взор
0,1,0,1,0,0,0,0,0,0,0,домик
1,0,1,3,2,0,0,1,0,0,0,руссо,'person'
0,-1,0,1,0,0,0,0,0,0,0,стрела
0,1,1,1,0,0,0,0,0,0,0,серафим
0,0,0,1,0,0,0,0,0,0,0,неудовольствие
0,1,0,1,0,0,0,0,0,0,0,класс
0,-1,0,1,0,0,0,0,0,0,0,дорога
0,-1,0,1,0,0,0,0,0,0,0,полоска
0,1,0,1,0,0,0,0,0,0,0,десяток
0,-1,0,2,0,0,0,0,0,0,0,лекция
0,1,1,2,3,0,0,2,0,0,0,старик,'person'
0,1,0,1,0,0,0,0,0,0,0,курс
0,-1,0,1,0,0,0,0,0,0,0,плита
0,1,1,18,16,0,0,8,0,0,0,папочка,'person'
0,0,0,1,0,0,0,0,0,0,0,многоточие
0,1,0,1,0,0,0,0,0,0,0,труд
0,-1,0,1,0,0,0,0,0,0,0,столовая
0,-1,0,1,0,0,0,0,0,0,0,среда
0,1,0,1,0,0,0,0,0,0,0,шорох
0,0,0,1,0,0,0,0,0,0,0,испытание
0,1,0,4,0,0,0,0,0,0,0,глаз,'object'
0,1,0,1,0,0,0,0,0,0,0,грош
0,0,0,1,0,0,0,0,0,0,0,время
0,1,0,1,0,0,0,0,0,0,0,стакан
0,-1,1,1,0,0,0,0,0,0,0,птичка
0,1,0,1,0,0,0,0,0,0,0,берег
0,-1,1,1,0,0,0,0,0,0,0,прислуга
1,1,1,1,1,0,0,0,0,0,0,артур,'person'
0,-1,1,5,3,0,0,3,0,0,0,девушка, ЗАТЕСТИТЬ
0,1,0,1,0,0,0,0,0,0,0,номер
0,0,0,1,0,0,0,0,0,0,0,чужое
0,-1,0,1,0,0,0,0,0,0,0,шея
0,-1,0,1,0,0,0,0,0,0,0,мечта
0,1,0,1,0,0,0,0,0,0,0,театр
0,1,0,1,0,0,0,0,0,0,0,лепесток
0,1,1,1,0,0,0,0,0,0,0,ученик
0,0,0,1,0,0,0,0,0,0,0,подряд
0,-1,1,3,3,0,0,3,0,0,0,дочь,'person'
0,-1,0,2,0,0,0,0,0,0,0,рука,'object'
0,-1,1,4,0,0,0,0,0,0,0,девушка,'person'
1,-1,1,1,1,0,0,1,0,0,0,адель /ЗАТЕСТИТЬ
0,1,0,5,4,0,0,4,0,0,0,экзамен,'object'
0,-1,1,1,0,0,0,0,0,0,0,девушка
1,-1,1,1,0,0,0,0,0,0,0,цвета
1,1,1,1,1,0,0,1,0,0,0,филатов,'person'
0,1,0,2,0,0,0,0,0,0,0,сон
0,1,0,1,0,0,0,0,0,0,0,бок
0,0,1,2,2,0,0,2,0,0,0,лицо,'object'
0,1,0,1,0,0,0,0,0,0,0,суп
0,0,0,1,0,0,0,0,0,0,0,преддверие
1,1,1,6,5,0,0,5,0,0,0,павел,'person'
0,0,0,1,0,0,0,0,0,0,0,дал
0,-1,1,1,0,0,0,0,0,0,0,предсказательница
0,1,0,1,0,0,0,0,0,0,0,пансион
0,0,0,4,3,0,0,3,0,0,0,личико,'object'
0,1,0,1,0,0,0,0,0,0,0,век
0,0,1,2,0,0,0,0,0,0,0,лицо
1,1,1,1,0,0,0,0,0,0,0,том
0,0,0,3,1,0,0,1,0,0,0,солнце,'object'
0,-1,0,1,0,0,0,0,0,0,0,жизнь
0,1,1,1,0,0,0,0,0,0,0,инспектор
0,1,1,1,0,0,0,0,0,0,0,малыш
0,-1,1,1,0,0,0,0,0,0,0,прорицательница
0,0,0,2,0,0,0,0,0,0,0,слово
0,1,0,2,0,0,0,0,0,0,0,обед
0,-1,0,1,0,0,0,0,0,0,0,смена
0,1,0,1,0,0,0,0,0,0,0,взор
0,-1,1,1,0,0,0,0,0,0,0,дама
0,-1,0,1,0,0,0,0,0,0,0,подготовка
0,-1,0,3,0,0,0,0,0,0,0,грудь,'object'
0,-1,0,2,0,0,0,0,0,0,0,губа
0,1,0,1,0,0,0,0,0,0,0,результат
0,-1,0,1,0,0,0,0,0,0,0,возня
0,-1,0,1,0,0,0,0,0,0,0,молодость
0,0,0,1,0,0,0,0,0,0,0,передневал
0,1,1,1,1,0,0,1,0,0,0,француз,'person'
0,0,0,2,2,0,0,2,0,0,0,слово,'object'
0,1,0,1,0,0,0,0,0,0,0,оттенок
0,1,0,1,0,0,0,0,0,0,0,волос
0,1,0,1,0,0,0,0,0,0,0,обед
0,1,0,1,0,0,0,0,0,0,0,платок
0,0,0,1,0,0,0,0,0,0,0,видение
0,-1,1,1,0,0,0,0,0,0,0,казачка,'person'
0,1,0,1,0,0,0,0,0,0,0,кабинет
0,1,0,1,1,0,0,1,0,0,0,туман
0,1,0,1,0,0,0,0,0,0,0,сад
0,1,0,1,0,0,0,0,0,0,0,цвет
0,1,1,2,0,0,0,0,0,0,0,учитель,'person'
0,-1,0,1,0,0,0,0,0,0,0,трость
0,0,0,1,0,0,0,0,0,0,0,сладкий
0,-1,1,1,0,0,0,0,0,0,0,половина
0,-1,0,1,0,0,0,0,0,0,0,ночь
0,-1,0,1,0,0,0,0,0,0,0,фраза
0,1,0,1,0,0,0,0,0,0,0,диванчик
0,0,0,1,0,0,0,0,0,0,0,чтение
0,-1,1,1,0,0,0,0,0,0,0,дева
0,-1,0,1,0,0,0,0,0,0,0,дорога
0,0,0,1,0,0,0,0,0,0,0,отличие
0,1,0,1,0,0,0,0,0,0,0,мир
0,-1,0,1,0,0,0,0,0,0,0,память
0,1,0,1,0,0,0,0,0,0,0,мир
0,-1,0,1,0,0,0,0,0,0,0,глубина
0,1,0,2,0,0,0,0,0,0,0,билет
0,1,0,2,0,0,0,0,0,0,0,стол
0,1,0,1,0,0,0,0,0,0,0,билет
1,-1,1,1,0,0,0,0,0,0,0,бабурина
0,1,0,3,0,0,0,0,0,0,0,баклажан,'object'
0,1,0,1,0,0,0,0,0,0,0,бел
0,-1,0,1,0,0,0,0,0,0,0,смела
0,-1,0,1,0,0,0,0,0,0,0,гимназия
0,-1,1,1,1,0,0,0,0,0,0,деточка,'person'
0,1,1,1,0,0,0,0,0,0,0,живой
0,1,0,4,0,0,0,0,0,0,0,стол
0,1,0,1,0,0,0,0,0,0,0,стол
0,-1,0,1,0,0,0,0,0,0,0,земля
0,1,0,7,4,0,0,3,0,0,0,билет,'object'
0,1,0,1,0,0,0,0,0,0,0,пот
0,0,0,1,0,0,0,0,0,0,0,сочинение
0,0,0,1,0,0,0,0,0,0,0,пение
0,0,0,1,0,0,0,0,0,0,0,окно
0,-1,1,1,0,0,0,0,0,0,0,красавица
0,0,0,1,0,0,0,0,0,0,0,усилие
0,1,1,3,0,0,0,0,0,0,0,старик,'person'
0,1,0,1,0,0,0,0,0,0,0,угол
0,-1,1,1,0,0,0,0,0,0,0,девушка
0,0,0,1,0,0,0,0,0,0,0,первое
0,-1,0,7,3,0,0,0,0,0,0,ночь,'object'
0,0,0,1,0,0,0,0,0,0,0,забытьё
0,-1,0,1,0,0,0,0,0,0,0,жара
0,-1,0,1,1,0,0,1,0,0,0,масса
0,0,0,2,0,0,0,0,0,0,0,счастие
1,-1,1,1,0,0,0,0,0,0,0,сара
1,1,1,1,0,0,0,0,0,0,0,анненков
0,1,0,2,0,0,0,0,0,0,0,стул
0,1,0,1,0,0,0,0,0,0,0,жар
0,-1,0,1,0,0,0,0,0,0,0,комнатка
0,1,0,2,0,0,0,0,0,0,0,экзамен
1,1,1,6,0,0,0,0,0,0,0,петрович,'person'
0,-1,0,3,0,0,0,0,0,0,0,ночь,'object'
0,1,0,2,0,0,0,0,0,0,0,урок
0,1,1,1,1,0,0,0,0,0,0,дружок
1,1,1,1,0,0,0,0,0,0,0,голов
0,-1,0,1,0,0,0,0,0,0,0,точка
0,-1,1,1,0,0,0,0,0,0,0,ученица
0,0,0,1,0,0,0,0,0,0,0,старание
0,-1,0,1,0,0,0,0,0,0,0,тетрадь
1,1,1,4,0,0,0,0,0,0,0,голов,'object'
0,1,0,1,0,0,0,0,0,0,0,борщ
0,1,0,1,0,0,0,0,0,0,0,вечер
0,1,0,1,0,0,0,0,0,0,0,образ
0,-1,0,1,1,0,0,0,0,0,0,публика
0,-1,0,2,0,0,0,0,0,0,0,тетрадь
0,1,1,1,0,0,0,0,0,0,0,бедный
0,0,0,2,0,0,0,0,0,0,0,счастие
1,0,1,1,1,0,0,1,0,0,0,слава
0,1,1,1,0,0,0,0,0,0,0,родитель
0,1,0,1,0,0,0,0,0,0,0,зал
0,1,0,1,0,0,0,0,0,0,0,звук
1,1,1,1,0,0,0,0,0,0,0,голов
0,-1,1,1,1,0,0,1,0,0,0,русалка,'person'
0,1,0,1,0,0,0,0,0,0,0,зал
0,0,0,1,0,0,0,0,0,0,0,чужое
0,0,0,1,0,0,0,0,0,0,0,сочувствие
0,1,0,1,0,0,0,0,0,0,0,угол
0,1,0,1,0,0,0,0,0,0,0,профиль
0,1,1,5,3,0,0,3,0,0,0,учитель,'person'
0,-1,0,1,0,0,0,0,0,0,0,литература
0,1,0,1,0,0,0,0,0,0,0,сад
0,1,1,1,0,0,0,0,0,0,0,преподаватель
0,-1,0,1,0,0,0,0,0,0,0,чашка
0,1,1,2,0,0,0,0,0,0,0,учитель
0,1,0,1,0,0,0,0,0,0,0,край
0,1,0,1,0,0,0,0,0,0,0,автомат
0,0,0,1,0,0,0,0,0,0,0,прозвище
0,0,0,3,0,0,0,0,0,0,0,сердце,'object'
0,1,0,1,0,0,0,0,0,0,0,виски
0,1,1,1,0,0,0,0,0,0,0,друг
0,1,0,1,0,0,0,0,0,0,0,аппетит
0,0,0,1,0,0,0,0,0,0,0,сердце
0,1,0,1,0,0,0,0,0,0,0,франций
0,-1,0,2,0,0,0,0,0,0,0,страница
0,-1,1,1,0,0,0,0,0,0,0,пифия
1,1,1,1,0,0,0,0,0,0,0,бартышев
0,1,0,1,0,0,0,0,0,0,0,куст
0,0,0,1,1,0,0,1,0,0,0,небо
0,1,1,1,0,0,0,0,0,0,0,инспектор
0,1,1,1,0,0,0,0,0,0,0,преподаватель
0,-1,1,1,0,0,0,0,0,0,0,женщина
0,-1,1,1,0,0,0,0,0,0,0,умница
0,-1,0,1,0,0,0,0,0,0,0,волна
0,1,0,2,0,0,0,0,0,0,0,душ
0,1,0,1,0,0,0,0,0,0,0,душ
0,0,0,1,0,0,0,0,0,0,0,ожидание
0,1,0,2,0,0,0,0,0,0,0,потолок
0,0,0,1,0,0,0,0,0,0,0,волнение
0,-1,1,1,0,0,0,0,0,0,0,женщина
0,1,0,1,1,0,0,0,0,0,0,душ
0,-1,0,2,0,0,0,0,0,0,0,опера
0,-1,1,1,0,0,0,0,0,0,0,гимназистка
1,0,0,1,0,0,0,0,0,0,0,толстые
0,-1,1,1,0,0,0,0,0,0,0,женщина
0,-1,1,1,1,0,0,1,0,0,0,ласка,'object'
0,0,0,1,0,0,0,0,0,0,0,раз
0,0,0,1,0,0,0,0,0,0,0,того
0,-1,0,1,1,0,0,1,0,0,0,беда
0,-1,0,2,2,0,0,2,0,0,0,очередь,'object'
0,-1,1,1,1,0,0,0,0,0,0,гимназистка,'person'
1,1,1,1,0,0,0,0,0,0,0,вольтер,'person'
0,-1,0,1,0,0,0,0,0,0,0,походка
0,-1,0,1,0,0,0,0,0,0,0,алгебра
0,1,0,1,0,0,0,0,0,0,0,круг
0,1,0,1,0,0,0,0,0,0,0,стол
0,1,0,1,0,0,0,0,0,0,0,кусочек
0,1,0,1,0,0,0,0,0,0,0,сыр
0,1,0,1,0,0,0,0,0,0,0,дом
1,1,1,5,1,0,0,1,0,0,0,бабурин,'person'
0,1,0,1,0,0,0,0,0,0,0,конец
0,-1,0,1,0,0,0,0,0,0,0,литература
0,-1,0,1,0,0,0,0,0,0,0,пора
0,1,0,1,0,0,0,0,0,0,0,шорох
0,-1,0,2,0,0,0,0,0,0,0,акация
0,1,0,3,0,0,0,0,0,0,0,вопрос,'object'
0,-1,0,1,0,0,0,0,0,0,0,отметка
0,0,0,1,1,0,0,1,0,0,0,куда
0,1,0,1,0,0,0,0,0,0,0,отблеск
0,1,0,1,0,0,0,0,0,0,0,конец
0,-1,0,1,1,0,0,0,0,0,0,гордость
0,0,0,1,0,0,0,0,0,0,0,наслаждение
0,-1,0,1,0,0,0,0,0,0,0,мелодия
0,1,0,1,0,0,0,0,0,0,0,пар
0,-1,1,1,0,0,0,0,0,0,0,камбала
0,1,1,2,0,0,0,0,0,0,0,отец,'person'
0,1,1,1,0,0,0,0,0,0,0,папа
0,-1,1,2,0,0,0,0,0,0,0,маленькая
0,-1,0,1,0,0,0,0,0,0,0,беседка
0,1,0,10,0,0,0,0,0,0,0,глаз,'object'
0,-1,0,2,0,0,0,0,0,0,0,беседка
0,0,0,1,1,0,0,1,0,0,0,рождение
0,0,0,1,0,0,0,0,0,0,0,утро
0,1,1,2,0,0,0,0,0,0,0,отец,'person'
0,0,0,1,0,0,0,0,0,0,0,спокойствие
0,1,0,6,0,0,0,0,0,0,0,пот,'object'
0,1,0,1,0,0,0,0,0,0,0,приступ
0,1,0,1,0,0,0,0,0,0,0,нерв
0,1,1,1,1,0,0,1,0,0,0,папа,'person'
0,1,0,1,0,0,0,0,0,0,0,чернослив
0,0,0,1,0,0,0,0,0,0,0,утро
0,-1,0,1,0,0,0,0,0,0,0,скамейка
0,-1,0,1,0,0,0,0,0,0,0,улыбка
0,0,0,1,0,0,0,0,0,0,0,искусство
0,1,0,1,0,0,0,0,0,0,0,театр
0,0,0,2,0,0,0,0,0,0,0,постелил
0,-1,1,1,0,0,0,0,0,0,0,дочурка
0,1,0,1,0,0,0,0,0,0,0,ответ
0,0,0,1,0,0,0,0,0,0,0,окно
0,-1,0,1,0,0,0,0,0,0,0,работа
0,1,0,1,0,0,0,0,0,0,0,полусон
0,0,0,2,0,0,0,0,0,0,0,окно
0,-1,0,1,0,0,0,0,0,0,0,строка
0,1,0,1,0,0,0,0,0,0,0,муслин
0,1,0,1,0,0,0,0,0,0,0,рояль
0,0,0,1,0,0,0,0,0,0,0,горячее
0,-1,0,1,0,0,0,0,0,0,0,аллея
0,-1,0,1,0,0,0,0,0,0,0,парта
0,-1,1,2,0,0,0,0,0,0,0,гимназистка,'person'
0,0,0,1,0,0,0,0,0,0,0,зеленю
0,0,0,1,0,0,0,0,0,0,0,положение
0,0,0,1,0,0,0,0,0,0,0,среднее
0,0,0,1,0,0,0,0,0,0,0,удовольствие
0,-1,0,1,0,0,0,0,0,0,0,рама
0,-1,0,1,0,0,0,0,0,0,0,диктовка
0,-1,1,3,3,0,0,5,0,0,0,госпожа,'person'
0,-1,0,1,0,0,0,0,0,0,0,одесса
0,1,0,1,0,0,0,0,0,0,0,обед
0,0,0,2,0,0,0,0,0,0,0,море
0,-1,0,2,1,0,0,1,0,0,0,дверь
1,-1,1,1,0,0,0,0,0,0,0,лиза,'person'
0,-1,0,1,0,0,0,0,0,0,0,поза
0,1,0,2,0,0,0,0,0,0,0,день
0,1,0,1,0,0,0,0,0,0,0,саж
0,-1,0,1,0,0,0,0,0,0,0,калитка
0,-1,0,2,0,0,0,0,0,0,0,музыка
0,-1,0,1,0,0,0,0,0,0,0,двойка
0,1,0,1,0,0,0,0,0,0,0,заработок
0,-1,0,1,1,0,0,1,0,0,0,музыка
0,1,0,1,0,0,0,0,0,0,0,пустяк
0,0,0,1,0,0,0,0,0,0,0,благосостояние
-1,0,0,2,0,0,0,0,0,0,0,имя
0,0,0,1,0,0,0,0,0,0,0,крыльцо
0,1,0,1,0,0,0,0,0,0,0,род
0,1,0,2,2,0,0,2,0,0,0,мор,'object'
0,0,0,2,0,0,0,0,0,0,0,начальство
0,-1,0,1,0,0,0,0,0,0,0,беседка
0,1,0,1,0,0,0,0,0,0,0,борщ
0,0,0,1,0,0,0,0,0,0,0,начальство
0,0,0,1,0,0,0,0,0,0,0,крыльцо
0,-1,0,1,0,0,0,0,0,0,0,темь
0,1,0,1,0,0,0,0,0,0,0,палисадник
0,-1,0,1,0,0,0,0,0,0,0,строка
0,-1,0,1,0,0,0,0,0,0,0,обстановка
0,1,0,1,0,0,0,0,0,0,0,палисадник
0,-1,0,1,0,0,0,0,0,0,0,кружка
0,1,0,1,0,0,0,0,0,0,0,концерт
0,-1,0,1,0,0,0,0,0,0,0,блузка
0,0,0,1,0,0,0,0,0,0,0,знание
0,1,1,1,0,0,0,0,0,0,0,инспектор
0,1,0,1,0,0,0,0,0,0,0,испуг
0,0,0,1,0,0,0,0,0,0,0,здоровье
0,0,0,1,0,0,0,0,0,0,0,белые
0,0,0,1,0,0,0,0,0,0,0,время
0,1,0,1,0,0,0,0,0,0,0,угол
0,-1,0,1,0,0,0,0,0,0,0,кружка
0,1,0,1,0,0,0,0,0,0,0,чаем
0,-1,0,1,0,0,0,0,0,0,0,фраза
0,1,1,1,0,0,0,0,0,0,0,господь
0,-1,1,1,1,0,0,0,0,0,0,душечка
0,-1,1,3,0,0,0,0,0,0,0,дочь,'person'
0,-1,0,2,0,0,0,0,0,0,0,кухня,'object'
0,1,0,1,0,0,0,0,0,0,0,год
0,-1,0,1,0,0,0,0,0,0,0,кроватка
0,1,1,1,0,0,0,0,0,0,0,господин
0,-1,0,1,0,0,0,0,0,0,0,фраза
0,1,0,1,0,0,0,0,0,0,0,урок
0,-1,0,1,1,0,0,1,0,0,0,тьма
1,1,1,2,0,0,0,0,0,0,0,петрович,'person'
0,1,0,1,0,0,0,0,0,0,0,кашель
0,-1,1,1,1,0,0,1,0,0,0,мать,'person'
0,1,0,2,2,0,0,2,0,0,0,берет,'object'
0,-1,0,1,0,0,0,0,0,0,0,рука
0,1,0,1,0,0,0,0,0,0,0,вопрос
1,-1,1,5,0,0,0,0,0,0,0,лида,'person'
0,-1,0,1,0,0,0,0,0,0,0,каморка
0,1,0,2,1,0,0,0,0,0,0,кофе
0,1,1,1,0,0,0,0,0,0,0,язык
0,1,0,1,0,0,0,0,0,0,0,вопрос
1,-1,1,2,0,0,0,0,0,0,0,лида,'person'
0,1,0,2,0,0,0,0,0,0,0,класс
0,-1,0,1,0,0,0,0,0,0,0,воля
0,1,1,1,0,0,0,0,0,0,0,гений
0,1,0,2,0,0,0,0,0,0,0,класс
0,-1,0,1,0,0,0,0,0,0,0,эллада
0,1,0,1,0,0,0,0,0,0,0,звук
0,0,0,2,0,0,0,0,0,0,0,ли
0,1,0,1,0,0,0,0,0,0,0,засов
0,-1,1,1,1,0,0,0,0,0,0,барышня,'person'
1,-1,1,7,3,0,0,3,0,0,0,лида,'person'
0,-1,0,1,0,0,0,0,0,0,0,надежда
0,1,0,2,0,0,0,0,0,0,0,ужас
0,1,0,1,0,0,0,0,0,0,0,случай
0,0,0,1,0,0,0,0,0,0,0,частное
0,-1,1,1,0,0,0,0,0,0,0,наездница
0,-1,0,1,0,0,0,0,0,0,0,гимназия
0,1,0,1,0,0,0,0,0,0,0,инструмент
0,1,1,1,0,0,0,0,0,0,0,ассистент
0,-1,0,1,0,0,0,0,0,0,0,радость
0,-1,0,1,0,0,0,0,0,0,0,шляпка
0,-1,0,2,0,0,0,0,0,0,0,рука
0,0,0,1,1,0,0,1,0,1,0,ровно
0,1,0,1,0,0,0,0,0,0,0,случай
0,-1,0,1,0,0,0,0,0,0,0,заметка
0,-1,0,1,0,0,0,0,0,0,0,фуражка
0,-1,0,1,0,0,0,0,0,0,0,бровь
0,1,1,1,0,0,0,0,0,0,0,гений
0,0,0,1,0,0,0,0,0,0,0,ощущение
0,-1,0,2,0,0,0,0,0,0,0,рука
0,-1,0,1,0,0,0,0,0,0,0,щель
0,1,0,1,0,0,0,0,0,0,0,свет
0,1,0,1,0,0,0,0,0,0,0,сон
0,-1,1,1,1,0,0,1,0,0,0,голубушка,'person'
0,1,0,2,0,0,0,0,0,0,0,сон
0,1,0,2,0,0,0,0,0,0,0,мозг
0,-1,0,4,0,0,0,0,0,0,0,нея
0,1,0,1,0,0,0,0,0,0,0,склеп
0,-1,0,1,0,0,0,0,0,0,0,комната
1,1,1,1,0,0,0,0,0,0,0,том
1,-1,1,2,1,0,0,0,0,0,0,лидочка,'person'
0,1,0,1,0,0,0,0,0,0,0,миг
0,1,1,1,0,0,0,0,0,0,0,опекун
0,1,0,1,0,0,0,0,0,0,0,порог
0,1,0,1,6,0,0,5,0,0,0,глаз
0,1,0,1,0,0,0,0,0,0,0,стол
0,-1,0,1,1,0,0,1,0,0,0,кровь
0,1,0,1,0,0,0,0,0,0,0,квас
0,0,1,1,0,0,0,0,0,0,0,лицо
0,1,0,1,0,0,0,0,0,0,0,палец
0,1,0,1,0,0,0,0,0,0,0,звук
0,1,0,2,0,0,0,0,0,0,0,билет
0,-1,0,1,1,0,0,1,0,0,0,история
0,-1,0,1,0,0,0,0,0,0,0,программа
0,-1,1,1,1,0,0,1,0,0,0,хозяйка,'person'
0,-1,0,1,0,0,0,0,0,0,0,мысль
0,1,0,1,0,0,0,0,0,0,0,абажур
0,0,0,1,0,0,0,0,0,0,0,место
0,0,0,1,0,0,0,0,0,0,0,холодное
0,-1,1,1,0,0,0,0,0,0,0,еврейка
0,1,1,1,2,0,0,0,0,0,0,бог
0,1,0,1,0,0,0,0,0,0,0,урок
0,0,0,1,0,0,0,0,0,0,0,место
0,1,1,1,0,0,0,0,0,0,0,гигант
0,1,0,1,0,0,0,0,0,0,0,сон
0,-1,0,1,0,0,0,0,0,0,0,стенка
0,1,0,2,0,0,0,0,0,0,0,билет
0,-1,0,1,0,0,0,0,0,0,0,тревога
0,-1,1,1,0,0,0,0,0,0,0,дочурка
0,-1,1,1,0,0,0,0,0,0,0,хозяйка
0,-1,1,1,0,0,0,0,0,0,0,дочка
0,-1,1,2,2,0,0,2,0,0,0,гражданка,'person'
0,1,0,1,0,0,0,0,0,0,0,волос
0,1,0,2,1,0,0,1,0,0,0,сон,'object'
0,-1,0,1,0,0,0,0,0,0,0,губа
0,1,0,1,0,0,0,0,0,0,0,город
0,-1,0,1,0,0,0,0,0,0,0,правда
0,1,0,1,0,0,0,0,0,0,0,билет
0,-1,0,1,0,0,0,0,0,0,0,усталость
0,-1,0,1,0,0,0,0,0,0,0,подушка
0,1,0,1,0,0,0,0,0,0,0,картон
0,-1,0,1,0,0,0,0,0,0,0,боязнь
0,-1,0,2,2,0,0,0,0,0,0,правда,'object'
0,1,0,2,0,0,0,0,0,0,0,взгляд
0,1,0,1,0,0,0,0,0,0,0,успех
0,1,0,1,0,0,0,0,0,0,0,промежуток
1,-1,1,1,0,0,0,0,0,0,0,лида
0,1,1,1,0,0,0,0,0,0,0,логик
0,-1,1,1,0,0,0,0,0,0,0,дочурка
0,1,0,1,0,0,0,0,0,0,0,вид
0,0,0,1,0,0,0,0,0,0,0,занятие
0,-1,1,1,3,0,0,0,0,0,0,дочурка,'person'
0,0,0,1,0,0,0,0,0,0,0,второе
0,0,0,1,0,0,0,0,0,0,0,старое
0,1,0,1,0,0,0,0,0,0,0,вечер
0,-1,1,2,0,0,0,0,0,0,0,дочурка,'person'
0,0,0,1,0,0,0,0,0,0,0,внимание
