0,0,0,1,0,0,0,0,0,0,0,целое
0,0,0,1,0,0,0,0,0,0,0,впечатление
0,0,0,1,0,0,0,0,0,0,0,благословение
1,1,1,1,0,0,0,0,0,0,0,устин
0,0,0,1,0,0,0,0,0,0,0,внимание
1,-1,1,3,0,0,0,0,0,0,0,голова
0,1,0,1,0,0,0,0,0,0,0,результат
0,0,0,1,0,0,0,0,0,0,0,масло
1,1,1,1,0,0,0,0,0,0,0,иванович
0,-1,0,2,1,0,0,1,0,0,0,фигура
0,0,1,1,0,0,0,0,0,0,0,чудовище
0,-1,0,2,1,0,0,1,0,0,0,лампа
1,-1,1,5,4,0,0,4,0,0,0,таисия
0,0,0,1,1,0,0,1,0,0,0,неудовольствие
0,-1,0,2,0,0,0,0,0,0,0,плита
0,0,0,3,0,0,0,0,0,0,0,письмо
0,1,1,1,0,0,0,0,0,0,0,кат
0,-1,1,1,1,0,0,1,0,0,0,мама
0,0,0,1,0,0,0,0,0,0,0,кучу
0,1,0,1,0,0,0,0,0,0,0,чулок
0,-1,1,1,0,0,0,0,0,0,0,двойняшка
0,1,0,1,0,0,0,0,0,0,0,петербург
0,0,0,1,0,0,0,0,0,0,0,плечики
0,-1,0,2,0,0,0,0,0,0,0,перчатка
0,1,0,1,0,0,0,0,0,0,0,сим
0,-1,0,1,0,0,0,0,0,0,0,черта
0,0,0,2,0,0,0,0,0,0,0,глушу
0,1,1,1,0,0,0,0,0,0,0,братец
0,-1,1,2,2,0,0,1,0,0,0,провинциалка
0,-1,0,1,1,0,0,0,0,0,0,мысль
0,0,0,1,1,0,0,1,0,0,0,сто
0,1,0,1,0,0,0,0,0,0,0,взгляд
0,0,0,1,0,0,0,0,0,0,0,здание
0,-1,0,1,0,0,0,0,0,0,0,булка
0,0,0,27,24,0,0,26,0,0,0,а
1,-1,1,1,1,0,0,0,0,0,0,сухая
0,1,0,3,0,0,0,0,0,0,0,тут
0,1,0,2,0,0,0,0,0,0,0,сим
0,-1,0,1,0,0,0,0,0,0,0,борода
0,0,0,153,48,0,0,68,0,0,0,и
0,1,0,5,0,0,0,0,0,0,0,год
0,-1,1,1,0,0,0,0,0,0,0,провинциалка
0,1,0,1,0,0,0,0,0,0,0,шкаф
0,-1,0,1,0,0,0,0,0,0,0,басня
0,1,0,3,0,0,0,0,0,0,0,разговор
0,-1,0,2,2,0,0,2,0,0,0,басня
1,-1,1,1,0,0,0,0,0,0,0,малиновская
0,-1,0,1,0,0,0,0,0,0,0,жатва
0,-1,0,2,2,0,0,2,0,0,0,гимназия
0,1,0,1,0,0,0,0,0,0,0,шум
0,1,0,2,0,0,0,0,0,0,0,домик
0,-1,0,2,0,0,0,0,0,0,0,гимназия
0,-1,0,4,0,0,0,0,0,0,0,деньга
0,0,0,15,9,0,0,8,0,0,0,я
0,-1,0,1,0,0,0,0,0,0,0,простота
0,-1,0,1,0,0,0,0,0,0,0,пора
0,0,0,6,1,0,0,3,0,0,0,уж
0,1,1,1,0,0,0,0,0,0,0,бог
0,1,1,1,0,0,0,0,0,0,0,дьякон
0,1,0,1,0,0,0,0,0,0,0,коридор
0,-1,0,1,0,0,0,0,0,0,0,булка
0,-1,0,1,0,0,0,0,0,0,0,гримаса
0,0,0,1,0,0,0,0,0,0,0,коли
0,1,0,1,0,0,0,0,0,0,0,тайник
0,1,0,3,0,0,0,0,0,0,0,адрес
0,1,0,1,0,0,0,0,0,0,0,толк
0,1,0,1,0,0,0,0,0,0,0,подрясник
0,1,0,2,0,0,0,0,0,0,0,голос
0,0,0,6,0,0,0,0,0,0,0,время
0,-1,0,1,0,0,0,0,0,0,0,свадьба
0,-1,1,1,1,0,0,0,0,0,0,милушка
0,1,0,1,0,0,0,0,0,0,0,смех
0,-1,0,1,0,0,0,0,0,0,0,вешалка
0,1,0,3,0,0,0,0,0,0,0,третий
0,1,0,1,0,0,0,0,0,0,0,зонтик
0,0,0,1,0,0,0,0,0,0,0,письмо
0,1,0,1,0,0,0,0,0,0,0,сюрприз
0,1,1,1,0,0,0,0,0,0,0,городской
0,0,0,1,0,0,0,0,0,0,0,значение
0,1,0,1,0,0,0,0,0,0,0,зонтик
0,-1,0,1,0,0,0,0,0,0,0,книжка
0,1,0,1,0,0,0,0,0,0,0,экзамен
1,1,1,4,0,0,0,0,0,0,0,печалин
0,0,0,1,0,0,0,0,0,0,0,лето
0,1,0,2,0,0,0,0,0,0,0,урок
0,-1,0,1,0,0,0,0,0,0,0,неожиданность
0,0,0,1,0,0,0,0,0,0,0,данные
0,-1,0,1,0,0,0,0,0,0,0,речка
0,-1,0,1,1,0,0,1,0,0,0,простота
0,-1,0,1,0,0,0,0,0,0,0,коса
0,-1,0,1,1,0,0,1,0,0,0,речка
0,1,1,5,0,0,0,0,0,0,0,дьякон
0,1,0,1,0,0,0,0,0,0,0,петербург
0,-1,0,1,0,0,0,0,0,0,0,насмешка
0,1,0,1,0,0,0,0,0,0,0,язычок
0,1,0,2,0,0,0,0,0,0,0,урок
0,1,0,1,0,0,0,0,0,0,0,голосок
0,1,0,1,0,0,0,0,0,0,0,палец
0,1,1,1,0,0,0,0,0,0,0,арифметик
0,-1,0,1,0,0,0,0,0,0,0,нога
0,1,0,5,2,0,0,2,0,0,0,город
0,-1,0,1,0,0,0,0,0,0,0,мозоль
0,-1,1,2,0,0,0,0,0,0,0,девочка
0,1,0,1,0,0,0,0,0,0,0,подъезд
0,1,1,1,0,0,0,0,0,0,0,друг
0,1,0,1,0,0,0,0,0,0,0,урок
0,-1,1,1,0,0,0,0,0,0,0,матушка
0,0,0,2,0,0,0,0,0,0,0,платье
0,-1,0,1,0,0,0,0,0,0,0,задача
0,1,1,2,0,0,0,0,0,0,0,физик
1,-1,1,2,0,0,0,0,0,0,0,ракитова
0,1,1,1,0,0,0,0,0,0,0,физик
0,1,1,4,3,0,0,1,0,0,0,отец
0,-1,0,1,0,0,0,0,0,0,0,давность
0,0,0,1,0,0,0,0,0,0,0,словечко
0,0,0,1,0,0,0,0,0,0,0,святки
0,-1,1,1,0,0,0,0,0,0,0,подруга
0,1,0,1,0,0,0,0,0,0,0,час
0,0,0,1,0,0,0,0,0,0,0,чужое
0,-1,0,1,0,0,0,0,0,0,0,задача
0,0,0,1,0,0,0,0,0,0,0,приветствие
0,1,0,1,0,0,0,0,0,0,0,крыжовник
1,-1,1,5,0,0,0,0,0,0,0,павловна
0,-1,1,2,0,0,0,0,0,0,0,подруга
0,1,1,3,0,0,0,0,0,0,0,бог
0,-1,0,1,0,0,0,0,0,0,0,задача
0,-1,1,1,0,0,0,0,0,0,0,подруга
0,0,0,1,0,0,0,0,0,0,0,условие
0,0,0,3,2,0,0,1,0,0,0,платье
0,1,1,1,0,0,0,0,0,0,0,инспектор
0,1,0,1,0,0,0,0,0,0,0,очаков
0,-1,1,4,10,0,0,2,0,0,0,девочка
0,1,1,4,0,0,0,0,0,0,0,язык
1,1,1,1,0,0,0,0,0,0,0,гриша
0,-1,1,1,0,0,0,0,0,0,0,девочка
1,0,1,1,0,0,0,0,0,0,0,саша
1,1,1,1,0,0,0,0,0,0,0,ардалионович
0,-1,1,1,1,0,0,1,0,0,0,брюнетка
1,1,1,1,1,0,0,0,0,0,0,гриша
0,-1,1,9,0,0,0,0,0,0,0,девочка
0,0,0,2,0,0,0,0,0,0,0,хозяйство
0,-1,1,1,0,0,0,0,0,0,0,шляпа
0,1,1,2,0,0,0,0,0,0,0,язык
0,1,0,1,0,0,0,0,0,0,0,крыжовник
0,1,0,1,0,0,0,0,0,0,0,досуг
0,-1,0,1,0,0,0,0,0,0,0,тишина
0,-1,0,2,0,0,0,0,0,0,0,мера
0,-1,0,3,0,0,0,0,0,0,0,сторона
0,-1,1,2,0,0,0,0,0,0,0,шляпа
0,1,0,1,0,0,0,0,0,0,0,успех
0,1,0,1,0,0,0,0,0,0,0,ответ
0,-1,0,1,1,0,0,0,0,0,0,смородина
0,1,0,2,1,0,0,1,0,0,0,град
0,0,0,3,1,0,0,1,0,1,0,родной
1,0,1,2,1,0,0,0,0,0,0,саша
0,1,0,1,0,0,0,0,0,0,0,капот
0,1,1,1,0,0,0,0,0,0,0,батюшка
0,1,0,1,0,0,0,0,0,0,0,совет
0,1,0,1,0,0,0,0,0,0,0,банк
0,1,0,1,0,0,0,0,0,0,0,нос
0,-1,0,1,0,0,0,0,0,0,0,раздевалка
0,-1,0,2,0,0,0,0,0,0,0,минута
0,0,0,1,0,0,0,0,0,0,0,свидание
0,1,0,2,0,0,0,0,0,0,0,взор
0,-1,0,1,0,0,0,0,0,0,0,минута
0,1,1,1,0,0,0,0,0,0,0,скороход
0,-1,1,1,0,0,0,0,0,0,0,старуха
0,-1,0,1,0,0,0,0,0,0,0,середина
0,1,0,4,1,0,0,1,0,0,0,класс
0,-1,1,1,0,0,0,0,0,0,0,великанша
0,-1,0,3,1,0,0,0,0,0,0,дорога
0,-1,0,1,0,0,0,0,0,0,0,смородина
0,-1,0,2,0,0,0,0,0,0,0,помочь
0,1,0,1,0,0,0,0,0,0,0,угол
0,0,0,1,1,0,0,1,0,0,0,электричество
0,-1,0,1,0,0,0,0,0,0,0,косьба
0,-1,1,4,0,0,0,0,0,0,0,шляпа
0,0,0,1,0,0,0,0,0,0,0,полуслово
0,-1,0,1,0,0,0,0,0,0,0,церковь
0,0,0,1,0,0,0,0,0,0,0,участие
1,-1,1,1,0,0,0,0,0,0,0,дарья
0,1,1,1,1,0,0,1,0,0,0,старик
0,-1,1,2,0,0,0,0,0,0,0,шляпа
0,-1,0,1,1,0,0,1,0,0,0,привычка
0,-1,0,1,0,0,0,0,0,0,0,забота
0,1,0,3,0,0,0,0,0,0,0,глаз
0,-1,0,3,0,0,0,0,0,0,0,рука
0,-1,1,1,0,0,0,0,0,0,0,дьяконица
0,1,1,1,0,0,0,0,0,0,0,человек
0,-1,1,1,1,0,0,1,0,0,0,девушка
0,-1,0,1,0,0,0,0,0,0,0,робость
0,-1,0,1,0,0,0,0,0,0,0,фигурка
0,1,0,1,0,0,0,0,0,0,0,закоулок
0,-1,1,1,0,0,0,0,0,0,0,дочь
0,-1,0,3,0,0,0,0,0,0,0,рука
0,1,0,1,1,0,0,0,0,0,0,вечер
0,0,0,1,0,0,0,0,0,0,0,чужое
0,-1,0,1,0,0,0,0,0,0,0,привычка
0,-1,0,1,0,0,0,0,0,0,0,дверца
0,1,0,1,0,0,0,0,0,0,0,предмет
0,1,1,2,0,0,0,0,0,0,0,брат
0,-1,0,1,0,0,0,0,0,0,0,привычка
0,-1,1,2,0,0,0,0,0,0,0,немочка
0,0,1,9,4,0,0,3,0,0,0,лицо
0,0,0,1,0,0,0,0,0,0,0,старое
0,1,0,1,0,0,0,0,0,0,0,дар
0,0,1,1,0,0,0,0,0,0,0,лицо
0,0,0,1,0,0,0,0,0,0,0,чернила
0,-1,0,1,0,0,0,0,0,0,0,надежда
0,-1,0,1,0,0,0,0,0,0,0,горушка
0,0,0,1,0,0,0,0,0,0,0,ребятки
0,1,0,1,0,0,0,0,0,0,0,зонтик
0,1,0,1,0,0,0,0,0,0,0,зонт
0,0,0,2,2,0,0,2,0,0,0,личико
0,-1,1,1,0,0,0,0,0,0,0,маленькая
0,0,1,1,0,0,0,0,0,0,0,лицо
0,-1,0,1,0,0,0,0,0,0,0,шубка
1,0,0,1,0,0,0,0,0,0,0,дьяконовы
0,-1,1,1,0,0,0,0,0,0,0,гимназистка
0,-1,0,1,0,0,0,0,0,0,0,жизнь
0,-1,0,1,1,0,0,1,0,0,0,подготовка
0,0,0,1,1,0,0,0,0,0,0,даю
0,1,0,1,0,0,0,0,0,0,0,проход
0,-1,1,1,0,0,0,0,0,0,0,хвастунья
0,-1,1,1,0,0,0,0,0,0,0,половина
0,1,0,1,1,0,0,1,0,0,0,маскарад
0,-1,1,3,3,0,0,1,0,0,0,крошечка
0,0,0,2,0,0,0,0,0,0,0,слово
0,1,1,1,0,0,0,0,0,0,0,крестьянин
0,1,0,1,0,0,0,0,0,0,0,обед
1,1,1,1,0,0,0,0,0,0,0,корнелий
0,0,0,1,0,0,0,0,0,0,0,ударение
0,-1,0,1,0,0,0,0,0,0,0,губа
0,-1,0,1,0,0,0,0,0,0,0,возня
0,-1,0,1,0,0,0,0,0,0,0,бедность
0,-1,0,1,0,0,0,0,0,0,0,сеть
0,0,0,1,1,0,0,0,0,0,0,пальто
0,0,0,1,1,0,0,0,0,0,0,слово
0,-1,0,1,0,0,0,0,0,0,0,десятина
0,-1,1,1,1,0,0,1,0,1,0,молодая
0,-1,0,1,0,0,0,0,0,0,0,картина
0,1,0,1,0,0,0,0,0,0,0,предмет
0,0,0,1,0,0,0,0,0,0,0,разочарование
0,-1,0,3,0,0,0,0,0,0,0,насмешка
0,1,0,1,0,0,0,0,0,0,0,ряд
0,1,1,1,0,0,0,0,0,0,0,швейцар
0,1,0,2,0,0,0,0,0,0,0,сад
0,-1,0,1,0,0,0,0,0,0,0,картина
0,-1,1,1,0,0,0,0,0,0,0,супруга
0,-1,1,1,0,0,0,0,0,0,0,портниха
0,1,0,1,0,0,0,0,0,0,0,цвет
0,1,0,1,0,0,0,0,0,0,0,бел
0,1,0,2,0,0,0,0,0,0,0,зуб
0,-1,0,3,0,0,0,0,0,0,0,улица
0,-1,0,1,0,0,0,0,0,0,0,ряса
0,1,1,1,0,0,0,0,0,0,0,отец
0,-1,0,2,0,0,0,0,0,0,0,дорога
0,1,0,1,1,0,0,0,0,0,0,конверт
0,0,0,1,0,0,0,0,0,0,0,покорение
1,-1,1,5,0,0,0,0,0,0,0,даша
0,0,0,1,0,0,0,0,0,0,0,целое
0,-1,0,1,0,0,0,0,0,0,0,дорога
1,-1,1,6,0,0,0,0,0,0,0,даша
0,-1,1,2,0,0,0,0,0,0,0,сестра
1,-1,1,8,0,0,0,0,0,0,0,даша
0,1,0,1,0,0,0,0,0,0,0,уход
0,1,1,1,0,0,0,0,0,0,0,брат
0,0,0,1,0,0,0,0,0,0,0,повторение
1,-1,1,2,0,0,0,0,0,0,0,мила
1,-1,1,18,14,0,0,8,0,0,0,даша
0,-1,1,1,0,0,0,0,0,0,0,соседка
0,-1,0,1,0,0,0,0,0,0,0,дорога
0,0,0,2,0,0,0,0,0,0,0,новое
0,1,0,3,1,0,0,1,0,0,0,синтаксис
0,0,0,1,1,0,0,1,0,0,0,чувство
0,-1,0,4,0,0,0,0,0,0,0,гимназия
0,-1,1,2,0,0,0,0,0,0,0,соседка
0,1,1,1,0,0,0,0,0,0,0,живой
0,0,0,1,0,0,0,0,0,0,0,старание
0,-1,0,1,0,0,0,0,0,0,0,земля
0,-1,0,1,0,0,0,0,0,0,0,фигура
0,1,0,1,0,0,0,0,0,0,0,угол
0,0,0,1,0,0,0,0,0,0,0,красное
0,-1,1,3,0,0,0,0,0,0,0,девочка
0,-1,1,1,0,0,0,0,0,0,0,девица
0,0,0,1,0,0,0,0,0,0,0,выражение
0,-1,0,1,0,0,0,0,0,0,0,улица
0,0,0,1,0,0,0,0,0,0,0,окно
0,0,0,2,0,0,0,0,0,0,0,первое
0,1,1,1,0,0,0,0,0,0,0,дворник
0,1,1,1,0,0,0,0,0,0,0,бутуз
0,1,0,1,0,0,0,0,0,0,0,угол
0,0,0,1,0,0,0,0,0,0,0,первое
0,-1,0,1,0,0,0,0,0,0,0,судьба
0,-1,0,1,0,0,0,0,0,0,0,программа
0,-1,0,1,0,0,0,0,0,0,0,глубина
0,-1,0,3,0,0,0,0,0,0,0,мозоль
0,-1,0,1,0,0,0,0,0,0,0,ошибка
0,0,0,1,1,0,0,1,0,0,0,настроение
0,0,1,1,0,0,0,0,0,0,0,лицо
1,1,1,2,2,0,0,2,0,0,0,арсений
0,0,0,1,0,0,0,0,0,0,0,мнение
0,0,0,1,0,0,0,0,0,0,0,синею
1,0,0,1,0,0,0,0,0,0,0,головы
0,-1,1,1,0,0,0,0,0,0,0,мученица
0,-1,0,1,1,0,0,1,0,0,0,комнатка
0,0,0,1,0,0,0,0,0,0,0,произношение
0,-1,0,1,0,0,0,0,0,0,0,десятка
0,1,0,2,0,0,0,0,0,0,0,урок
0,1,0,1,0,0,0,0,0,0,0,магазин
0,-1,1,1,0,0,0,0,0,0,0,красавица
0,-1,0,1,0,0,0,0,0,0,0,откровенность
1,-1,1,1,0,0,0,0,0,0,0,батюшкина
0,1,0,1,0,0,0,0,0,0,0,вихрь
0,0,0,2,0,0,0,0,0,0,0,удивление
0,1,0,1,0,0,0,0,0,0,0,стан
0,-1,0,1,0,0,0,0,0,0,0,заплата
0,-1,0,1,0,0,0,0,0,0,0,тальма
0,-1,0,1,0,0,0,0,0,0,0,мольба
1,1,1,1,0,0,0,0,0,0,0,арсений
0,0,0,1,0,0,0,0,0,0,0,понятие
0,0,0,1,0,0,0,0,0,0,0,испытание
1,1,1,2,0,0,0,0,0,0,0,голов
0,1,1,1,0,0,0,0,0,0,0,бедный
0,1,0,1,0,0,0,0,0,0,0,листок
1,0,1,3,3,0,0,3,0,0,0,слава
0,-1,0,1,0,0,0,0,0,0,0,примета
0,-1,0,1,0,0,0,0,0,0,0,комнатка
1,1,1,2,0,0,0,0,0,0,0,голов
0,-1,1,2,0,0,0,0,0,0,0,поповна
0,-1,1,1,0,0,0,0,0,0,0,маменька
0,1,1,1,0,0,0,0,0,0,0,крестьянин
0,-1,0,1,0,0,0,0,0,0,0,шубка
0,-1,1,6,3,0,0,2,0,0,0,маменька
0,-1,0,1,0,0,0,0,0,0,0,окраина
0,-1,0,1,0,0,0,0,0,0,0,нева
0,1,0,2,0,0,0,0,0,0,0,угол
0,-1,1,8,4,0,0,3,0,0,0,милочка
0,1,0,1,0,0,0,0,0,0,0,жест
0,-1,0,1,0,0,0,0,0,0,0,роль
0,-1,0,1,0,0,0,0,0,0,0,усмешка
0,0,0,1,0,0,0,0,0,0,0,воспитание
0,1,0,3,0,0,0,0,0,0,0,глазок
0,1,0,3,0,0,0,0,0,0,0,тротуар
0,1,1,2,3,0,0,2,0,0,0,учитель
0,1,0,1,0,0,0,0,0,0,0,ряд
0,-1,0,1,0,0,0,0,0,0,0,строка
0,1,1,1,0,0,0,0,0,0,0,учитель
0,-1,1,1,1,0,0,1,0,0,0,аристократка
0,0,0,1,0,0,0,0,0,0,0,возмущение
0,0,0,2,0,0,0,0,0,0,0,матерю
0,1,0,1,0,0,0,0,0,0,0,стен
0,0,0,1,0,0,0,0,0,0,0,мгновение
0,-1,0,1,1,0,0,1,0,0,0,церковь
1,1,1,5,0,0,0,0,0,0,0,вульф
0,-1,0,1,0,0,0,0,0,0,0,юбка
0,0,0,1,0,0,0,0,0,0,0,естествоведение
0,-1,1,6,6,0,0,3,0,0,0,поповна
0,1,0,1,0,0,0,0,0,0,0,интерес
0,0,0,1,1,0,0,1,0,1,0,мило
0,-1,1,1,0,0,0,0,0,0,0,обитательница
0,-1,1,2,0,0,0,0,0,0,0,соседка
0,0,0,1,0,0,0,0,0,0,0,правило
1,1,1,1,1,0,0,0,0,0,0,питер
0,1,1,2,1,0,0,1,0,0,0,друг
0,1,0,1,1,0,0,1,0,0,0,приход
0,0,0,1,0,0,0,0,0,0,0,сердце
0,-1,0,1,0,0,0,0,0,0,0,скамейка
0,0,0,1,0,0,0,0,0,0,0,диво
0,-1,0,1,0,0,0,0,0,0,0,охота
1,1,1,1,0,0,0,0,0,0,0,марк
0,-1,0,1,0,0,0,0,0,0,0,страница
0,0,0,1,0,0,0,0,0,0,0,осенил
1,-1,1,1,1,0,0,1,0,1,0,мила
0,-1,0,1,0,0,0,0,0,0,0,морщинка
0,-1,0,1,0,0,0,0,0,0,0,палочка
0,-1,1,1,0,0,0,0,0,0,0,спутница
0,-1,1,2,2,0,0,1,0,0,0,девица
0,-1,0,1,0,0,0,0,0,0,0,статуэтка
0,1,0,2,0,0,0,0,0,0,0,локоть
0,1,0,2,0,0,0,0,0,0,0,край
0,1,0,1,0,0,0,0,0,0,0,ответ
0,0,0,1,1,0,0,1,0,1,0,сам
0,-1,0,2,0,0,0,0,0,0,0,деревня
0,-1,0,1,0,0,0,0,0,0,0,деревня
0,1,1,1,1,0,0,1,0,0,0,фельдфебель
0,-1,0,1,0,0,0,0,0,0,0,перемена
0,-1,1,5,0,0,0,0,0,0,0,поповна
0,-1,0,1,1,0,0,1,0,0,0,обязанность
0,-1,0,1,0,0,0,0,0,0,0,диктовка
0,1,0,1,0,0,0,0,0,0,0,листик
0,1,0,3,0,0,0,0,0,0,0,душ
0,0,0,1,1,0,0,1,0,0,0,век
0,-1,1,1,0,0,0,0,0,0,0,крестьянка
0,-1,0,1,0,0,0,0,0,0,0,носка
0,1,0,1,0,0,0,0,0,0,0,душ
0,1,0,2,0,0,0,0,0,0,0,рубль
0,0,0,2,0,0,0,0,0,0,0,сердце
1,1,1,1,0,0,0,0,0,0,0,устин
0,-1,1,4,0,0,0,0,0,0,0,гимназистка
0,1,1,6,0,0,0,1,0,0,0,уж
0,-1,0,1,0,0,0,0,0,0,0,губерния
0,-1,0,1,0,0,0,0,0,0,0,важность
0,0,0,5,3,0,0,3,0,0,0,раз
0,-1,0,1,0,0,0,0,0,0,0,передышка
0,-1,0,1,0,0,0,0,0,0,0,очередь
0,0,0,3,0,0,0,0,0,0,0,того
0,-1,1,1,2,0,0,1,0,0,0,гимназистка
0,1,0,1,0,0,0,0,0,0,0,сапог
0,-1,0,1,1,0,0,1,0,0,0,срамота
0,0,0,5,0,0,0,0,0,0,0,тише
0,-1,0,1,0,0,0,0,0,0,0,заплата
0,-1,1,1,0,0,0,0,0,0,0,гимназистка
0,-1,0,1,0,0,0,0,0,0,0,чернильница
0,-1,0,1,1,0,0,1,0,0,0,растерянность
0,1,0,2,1,0,0,0,0,0,0,стол
0,-1,0,1,0,0,0,0,0,0,0,слеза
0,0,0,1,0,0,0,0,0,0,0,слово
0,-1,0,2,0,0,0,0,0,0,0,речь
0,1,0,1,0,0,0,0,0,0,0,конец
0,0,0,1,0,0,0,0,0,0,0,сельцо
0,0,0,1,0,0,0,0,0,0,0,сожаление
0,1,0,1,0,0,0,0,0,0,0,дом
0,0,0,1,0,0,0,0,0,0,0,дыхание
0,1,0,1,0,0,0,0,0,0,0,холод
0,1,0,1,1,0,0,0,0,0,0,простой
0,1,1,1,1,0,0,1,0,0,0,папенька
0,1,1,1,0,0,0,0,0,0,0,папенька
0,-1,0,1,0,0,0,0,0,0,0,мозоль
0,1,0,1,0,0,0,0,0,0,0,вопрос
0,1,0,1,0,0,0,0,0,0,0,огород
0,-1,1,1,0,0,0,0,0,0,0,жилица
0,1,0,1,0,0,0,0,0,0,0,крым
0,0,0,2,0,0,0,0,0,0,0,сердце
0,-1,0,3,0,0,0,0,0,0,0,речь
0,1,0,1,0,0,0,0,0,0,0,закон
0,0,0,2,1,0,0,2,0,0,0,куда
0,1,0,2,0,0,0,0,0,0,0,дом
0,1,0,1,0,0,0,0,0,0,0,листок
0,0,0,1,1,0,0,1,0,0,0,спокойствие
0,1,1,1,0,0,0,0,0,0,0,отец
0,-1,1,1,0,0,0,0,0,0,0,сестра
0,1,0,1,0,0,0,0,0,0,0,третий
1,-1,1,2,0,0,0,0,0,0,0,нюра
0,-1,1,2,1,0,0,0,0,0,0,маленькая
0,-1,0,1,0,0,0,0,0,0,0,работа
0,1,0,5,0,0,0,0,0,0,0,дом
0,1,0,3,0,0,0,0,0,0,0,пол
0,1,0,5,0,0,0,0,0,0,0,глаз
1,-1,1,2,0,0,0,0,0,0,0,нюра
0,-1,0,1,0,0,0,0,0,0,0,работа
0,1,1,1,0,0,0,0,0,0,0,отец
0,-1,1,1,0,0,0,0,0,0,0,шалунья
0,1,1,9,0,0,0,0,0,0,0,отец
0,-1,1,1,0,0,0,0,0,0,0,ремесленница
0,1,0,3,0,0,0,0,0,0,0,пот
0,1,1,1,0,0,0,0,0,0,0,дух
0,1,1,2,0,0,0,0,0,0,0,друг
0,-1,0,2,0,0,0,0,0,0,0,шалость
0,0,0,1,0,0,0,0,0,0,0,словечко
0,1,0,1,0,0,0,0,0,0,0,фасон
0,0,0,1,0,0,0,0,0,0,0,изумление
0,-1,1,1,0,0,0,0,0,0,0,насмешница
1,-1,1,13,4,0,0,4,0,0,0,нюра
0,1,1,1,0,0,0,0,0,0,0,прихожанин
0,1,0,1,0,0,0,0,0,0,0,повод
0,-1,1,1,0,0,0,0,0,0,0,однолетка
0,-1,0,2,0,0,0,0,0,0,0,улыбка
0,-1,0,1,0,0,0,0,0,0,0,улица
0,-1,0,1,0,0,0,0,0,0,0,шептала
0,0,0,1,0,0,0,0,0,0,0,первое
0,-1,1,3,1,0,0,1,0,0,0,шалунья
0,1,0,1,0,0,0,0,0,0,0,семинарий
0,0,0,1,0,0,0,0,0,0,0,число
0,-1,0,1,0,0,0,0,0,0,0,улица
0,1,1,1,1,0,0,1,0,0,0,брандмайор
0,-1,0,1,0,0,0,0,0,0,0,надобность
0,-1,0,1,0,0,0,0,0,0,0,скамейка
0,0,0,2,0,0,0,0,0,0,0,знать
0,-1,1,1,0,0,0,0,0,0,0,третьеклассница
0,0,0,1,0,0,0,0,0,0,0,жаркий
1,-1,1,2,0,0,0,0,0,0,0,беленькая
0,-1,0,1,0,0,0,0,0,0,0,ощупь
0,1,1,1,1,0,0,1,0,0,0,батюшка
0,1,0,1,1,0,0,0,0,0,0,вид
0,1,0,2,0,0,0,0,0,0,0,вид
0,-1,1,2,0,0,0,0,0,0,0,маменька
0,0,0,1,0,0,0,0,0,0,0,поле
0,0,0,1,0,0,0,0,0,0,0,будущее
0,-1,1,1,0,0,0,0,0,0,0,девочка
0,-1,0,1,1,0,0,1,0,0,0,громада
0,-1,0,2,0,0,0,0,0,0,0,горушка
1,1,1,2,0,0,0,0,0,0,0,ардалионович
0,0,0,1,0,0,0,0,0,0,0,мыло
0,-1,1,3,0,0,0,0,0,0,0,гимназистка
0,0,0,1,0,0,0,0,0,0,0,положение
0,1,0,1,0,0,0,0,0,0,0,путь
0,-1,1,2,0,0,0,0,0,0,0,девица
0,0,0,1,0,0,0,0,0,0,0,смущение
0,0,0,1,0,0,0,0,0,0,0,дно
0,1,1,2,2,0,0,1,0,0,0,урка
0,-1,0,1,0,0,0,0,0,0,0,тальма
0,-1,1,1,0,0,0,0,0,0,0,девица
0,1,0,1,0,0,0,0,0,0,0,день
0,0,0,1,0,0,0,0,0,0,0,полгорода
0,1,1,1,0,0,0,0,0,0,0,друг
0,0,0,1,0,0,0,0,0,0,0,удовольствие
0,1,0,1,0,0,0,0,0,0,0,день
1,-1,1,1,0,0,0,0,0,0,0,знаменская
0,-1,1,1,0,0,0,0,0,0,0,милочка
0,1,0,1,0,0,0,0,0,0,0,сноп
0,-1,1,3,3,0,0,3,0,0,0,госпожа
0,0,0,1,0,0,0,0,0,0,0,поле
0,-1,0,1,0,0,0,0,0,0,0,тальма
0,-1,0,2,0,0,0,0,0,0,0,сторона
1,1,1,1,0,0,0,0,0,0,0,питер
0,-1,0,1,0,0,0,0,0,0,0,тальма
0,-1,0,1,0,0,0,0,0,0,0,быль
0,-1,0,1,1,0,0,1,0,0,0,дверь
0,0,0,1,0,0,0,0,0,0,0,теню
0,1,0,1,0,0,0,0,0,0,0,костюм
0,1,0,2,0,0,0,0,0,0,0,день
0,1,0,1,0,0,0,0,0,0,0,день
0,1,1,1,0,0,0,0,0,0,0,язык
0,1,0,2,0,0,0,0,0,0,0,смех
0,-1,0,1,0,0,0,0,0,0,0,набережная
0,1,0,1,0,0,0,0,0,0,0,кусочек
0,0,0,1,0,0,0,0,0,0,0,знамение
0,0,0,1,1,0,0,1,0,1,0,боек
0,-1,0,2,0,0,0,0,0,0,0,бумага
0,0,0,1,0,0,0,0,0,0,0,близкие
-1,0,0,1,0,0,0,0,0,0,0,имя
0,1,0,1,0,0,0,0,0,0,0,оборот
0,-1,0,1,0,0,0,0,0,0,0,ручка
0,1,1,1,1,0,0,1,0,0,0,господь
1,-1,1,2,1,0,0,1,0,0,0,ольга
0,1,1,1,0,0,0,0,0,0,0,любопытный
0,-1,1,3,0,0,0,0,0,0,0,барышня
0,0,0,1,0,0,0,0,0,0,0,кружком
0,-1,0,1,0,0,0,0,0,0,0,ручка
0,0,0,1,0,0,0,0,0,0,0,близкие
0,1,0,1,0,0,0,0,0,0,0,плащ
0,0,0,1,0,0,0,0,0,0,0,начальство
0,1,1,1,0,0,0,0,0,0,0,член
0,1,1,2,0,0,0,0,0,0,0,малыш
0,0,0,2,0,0,0,0,0,0,0,близкие
0,-1,0,1,0,0,0,0,0,0,0,даль
0,1,0,1,0,0,0,0,0,0,0,огонёк
0,-1,0,1,0,0,0,0,0,0,0,сила
0,-1,0,1,0,0,0,0,0,0,0,фраза
0,0,0,1,0,0,0,0,0,0,0,начальство
0,-1,0,1,0,0,0,0,0,0,0,обстановка
0,1,0,1,0,0,0,0,0,0,0,коридор
0,1,0,1,0,0,0,0,0,0,0,реверанс
0,-1,1,1,0,0,0,0,0,0,0,чиновница
0,1,0,1,0,0,0,0,0,0,0,порядок
0,1,0,1,0,0,0,0,0,0,0,сад
0,1,0,1,0,0,0,0,0,0,0,ворот
0,1,1,4,2,0,0,2,0,0,0,инспектор
0,1,0,2,0,0,0,0,0,0,0,образ
0,1,0,1,0,0,0,0,0,0,0,порядок
0,-1,0,1,0,0,0,0,0,0,0,болтовня
0,0,0,5,5,0,0,0,0,0,0,право
0,1,0,1,0,0,0,0,0,0,0,сад
0,0,0,1,0,0,0,0,0,0,0,время
0,1,1,1,0,0,0,0,0,0,0,господь
0,0,0,1,0,0,0,0,0,0,0,сердечко
1,-1,1,1,1,0,0,1,0,0,0,зиночка
0,0,0,1,0,0,0,0,0,0,0,тело
0,0,0,4,0,0,0,0,0,0,0,временю
0,-1,0,2,0,0,0,0,0,0,0,квартира
0,0,0,1,0,0,0,0,0,0,0,мановение
0,-1,0,1,0,0,0,0,0,0,0,заплата
0,-1,0,1,0,0,0,0,0,0,0,парта
0,-1,0,1,1,0,0,1,0,0,0,ручка
0,1,0,1,0,0,0,0,0,0,0,поступок
0,-1,1,1,0,0,0,0,0,0,0,товарка
0,-1,1,2,1,0,0,0,0,0,0,мать
0,1,0,1,0,0,0,0,0,0,0,класс
0,-1,0,1,0,0,0,0,0,0,0,щека
0,-1,0,1,0,0,0,0,0,0,0,мордочка
1,-1,1,3,2,0,0,2,0,0,0,эмма
0,1,0,2,0,0,0,0,0,0,0,вопрос
0,0,0,1,0,0,0,0,0,0,0,сено
0,1,1,1,0,0,0,0,0,0,0,язык
1,-1,1,2,0,0,0,0,0,0,0,эмма
0,1,0,1,0,0,0,0,0,0,0,класс
0,1,1,1,0,0,0,0,0,0,0,язык
1,1,1,6,0,0,0,0,0,0,0,ракитов
0,0,0,1,0,0,0,0,0,0,0,препинание
0,1,0,1,0,0,0,0,0,0,0,шаг
0,1,0,1,0,0,0,0,0,0,0,звонок
0,1,0,9,0,0,0,0,0,0,0,класс
1,0,0,1,0,0,0,0,0,0,0,сухие
0,-1,0,1,0,0,0,0,0,0,0,сена
1,1,1,2,0,0,0,0,0,0,0,николай
0,0,0,1,0,0,0,0,0,0,0,белые
0,1,0,4,0,0,0,0,0,0,0,класс
0,0,0,1,0,0,0,0,0,0,0,сени
1,-1,1,1,0,0,0,0,0,0,0,зина
0,-1,0,1,0,0,0,0,0,0,0,щека
0,-1,1,1,0,0,0,0,0,0,0,директриса
0,-1,1,2,2,0,0,2,0,0,0,директриса
0,0,0,1,0,0,0,0,0,0,0,ли
0,1,0,1,0,0,0,0,0,0,0,загар
1,1,1,1,0,0,0,0,0,0,0,ракитов
0,-1,1,3,6,0,0,1,0,0,0,барышня
0,0,0,3,1,0,0,1,0,0,0,вон
0,-1,0,1,0,0,0,0,0,0,0,комната
0,-1,0,1,0,0,0,0,0,0,0,шляпка
0,-1,1,1,0,0,0,0,0,0,0,третьеклассница
0,1,0,1,0,0,0,0,0,0,0,ужас
0,0,0,1,0,0,0,0,0,0,0,вещ
0,1,0,1,0,0,0,0,0,0,0,стих
0,0,0,1,0,0,0,0,0,0,0,красное
0,-1,0,3,0,0,0,0,0,0,0,рука
0,1,0,1,0,0,0,0,0,0,0,фонарь
0,-1,0,1,0,0,0,0,0,0,0,осень
0,-1,0,1,0,0,0,0,0,0,0,красота
0,1,0,1,0,0,0,0,0,0,0,заработок
0,-1,0,2,0,0,0,0,0,0,0,комната
0,-1,0,1,0,0,0,0,0,0,0,милость
0,-1,0,9,0,0,0,0,0,0,0,рука
0,0,0,1,0,0,0,0,0,0,0,место
0,-1,1,2,0,0,0,0,0,0,0,начальница
0,-1,1,4,4,0,0,1,0,0,0,голубушка
0,1,1,1,0,0,0,0,0,0,0,любопытный
0,0,0,2,2,2,0,2,0,0,0,село
0,0,0,1,0,0,0,0,0,0,0,замечание
0,1,0,1,0,0,0,0,0,0,0,сон
0,1,0,1,0,0,0,0,0,0,0,костюм
0,0,0,1,0,0,0,0,0,0,0,живете
0,-1,0,9,0,0,0,0,0,0,0,нея
0,1,1,4,0,0,0,0,0,0,0,ребёнок
0,0,0,1,0,0,0,0,0,0,0,туловище
0,-1,0,1,0,0,0,0,0,0,0,заросль
1,1,1,2,0,0,0,0,0,0,0,том
0,-1,0,1,0,0,0,0,0,0,0,комната
0,0,0,1,0,0,0,0,0,0,0,недоумение
0,0,0,1,0,0,0,0,0,0,0,село
1,-1,1,1,0,0,0,0,0,0,0,андреевна
0,-1,0,1,0,0,0,0,0,0,0,минута
0,0,0,1,0,0,0,0,0,0,0,село
0,1,0,1,0,0,0,0,0,0,0,пустяк
0,1,0,2,0,0,0,0,0,0,0,стол
0,1,1,2,0,0,0,0,0,0,0,батрак
0,1,0,1,0,0,0,0,0,0,0,передник
0,-1,0,1,1,0,0,1,0,0,0,шляпка
0,-1,1,1,0,0,0,0,0,0,0,девица
0,1,0,1,0,0,0,0,0,0,0,знак
0,-1,0,1,0,0,0,0,0,0,0,история
0,1,0,2,1,0,0,1,0,0,0,ужас
1,1,1,1,0,0,0,0,0,0,0,устин
0,-1,1,2,0,0,0,0,0,0,0,маленькая
0,-1,0,2,0,0,0,0,0,0,0,нея
1,1,1,1,0,0,0,0,0,0,0,алексей
0,1,0,1,0,0,0,0,0,0,0,палец
0,0,0,3,1,0,0,1,0,0,0,перо
0,1,1,1,0,0,0,0,0,0,0,старичок
0,-1,0,1,0,0,0,0,0,0,0,мысль
0,0,0,1,0,0,0,0,0,0,0,плечо
0,0,0,1,0,0,0,0,0,0,0,плечо
0,-1,0,1,0,0,0,0,0,0,0,седа
0,1,1,1,0,0,0,0,0,0,0,урод
1,1,1,1,0,0,0,0,0,0,0,корнилий
0,0,0,1,0,0,0,0,0,0,0,болею
1,-1,1,1,0,0,0,0,0,0,0,татьяна
0,0,0,1,0,0,0,0,0,0,0,место
1,-1,1,2,0,0,0,0,0,0,0,зина
0,1,1,2,1,0,0,0,0,0,0,бог
0,0,0,1,0,0,0,0,0,0,0,признание
0,1,0,1,0,0,0,0,0,0,0,диктант
0,-1,0,1,0,0,0,0,0,0,0,география
1,-1,1,2,0,0,0,0,0,0,0,зина
0,1,0,1,0,0,0,0,0,0,0,дождь
0,0,0,2,0,0,0,0,0,0,0,занятие
0,-1,0,1,0,0,0,0,0,0,0,семья
0,1,0,1,0,0,0,0,0,0,0,год
0,-1,0,1,0,0,0,0,0,0,0,скамья
0,0,0,1,0,0,0,0,0,0,0,крылечко
1,-1,1,2,0,0,0,0,0,0,0,николаевна
0,1,1,2,0,0,0,0,0,0,0,священник
0,1,0,1,0,0,0,0,0,0,0,город
0,1,0,3,2,0,0,1,0,0,0,зонтик
0,-1,0,1,0,0,0,0,0,0,0,одежда
1,-1,1,12,5,0,0,4,0,0,0,зина
0,1,0,1,0,0,0,0,0,0,0,волос
0,-1,0,2,0,0,0,0,0,0,0,кафедра
0,0,0,1,0,0,0,0,0,0,0,злорадство
0,-1,0,1,0,0,0,0,0,0,0,баночка
0,1,0,1,0,0,0,0,0,0,0,участок
0,1,1,1,0,0,0,0,0,0,0,дьякон
0,0,0,1,0,0,0,0,0,0,0,первое
0,1,0,2,0,0,0,0,0,0,0,город
0,-1,0,1,0,0,0,0,0,0,0,сушка
0,1,0,3,4,0,0,3,0,0,0,голос
0,1,0,1,0,0,0,0,0,0,0,поход
0,1,0,1,0,0,0,0,0,0,0,зуб
0,-1,1,3,0,0,0,0,0,0,0,девочка
0,-1,0,1,0,0,0,0,0,0,0,солома
0,1,0,1,1,0,0,1,0,0,0,взгляд
0,1,0,1,0,0,0,0,0,0,0,малин
0,-1,0,1,0,0,0,0,0,0,0,правда
0,0,0,1,0,0,0,0,0,0,0,место
0,-1,1,1,0,0,0,0,0,0,0,третьеклассница
0,0,0,1,0,0,0,0,0,0,0,баню
0,-1,0,1,0,0,0,0,0,0,0,жалость
0,-1,0,1,0,0,0,0,0,0,0,зима
0,0,0,1,0,0,0,0,0,0,0,каникулы
0,1,0,1,0,0,0,0,0,0,0,вид
0,0,0,1,0,0,0,0,0,0,0,занятие
0,1,0,1,0,0,0,0,0,0,0,оборот
0,-1,1,1,1,0,0,0,0,0,0,чистюля
0,-1,0,1,0,0,0,0,0,0,0,парта
0,-1,1,1,0,0,0,0,0,0,0,мама
0,1,0,1,0,0,0,0,0,0,0,вечер
0,1,0,1,0,0,0,0,0,0,0,поток
0,0,0,1,1,0,0,0,0,0,0,катя
0,-1,0,2,0,0,0,0,0,0,0,семья
