0,-1,0,1,0,0,0,0,0,0,0,история
0,-1,0,1,0,0,0,0,0,0,0,улыбка
0,-1,0,1,0,0,0,0,0,0,0,прогулка
0,-1,0,1,0,0,0,0,0,0,0,скромность
0,1,0,1,0,0,0,0,0,0,0,банк
0,1,0,1,0,0,0,0,0,0,0,размер
0,1,0,34,19,17,0,17,0,0,0,день
0,1,0,1,2,0,0,2,0,0,0,рассказ
1,-1,1,2,0,0,0,0,0,0,0,голова
0,-1,0,1,0,0,0,0,0,0,0,экономия
0,0,0,1,0,0,0,0,0,0,0,масло
0,1,0,1,0,0,0,0,0,0,0,отдых
0,0,0,1,0,0,0,0,0,0,0,окно
0,0,0,1,0,0,0,0,0,0,0,целое
0,1,1,1,0,0,0,0,0,0,0,фонарщик
0,1,1,1,0,0,0,0,0,0,0,охотник
0,0,0,1,0,0,0,0,0,0,0,окно
0,0,0,3,0,0,0,0,0,0,0,целое
0,1,1,2,0,0,0,0,0,0,0,слон
0,1,0,1,0,0,0,0,0,0,0,океан
0,0,0,1,0,0,0,0,0,0,0,кучу
0,1,0,9,0,0,0,0,0,0,0,вод
0,-1,0,1,0,0,0,0,0,0,0,мантия
0,1,0,5,0,0,0,0,0,0,0,заход
0,0,0,1,0,0,0,0,0,0,0,повеление
0,1,0,1,0,0,0,0,0,0,0,аромат
0,1,1,8,0,0,0,0,0,0,0,человек
0,1,0,8,4,0,0,4,0,0,0,уговор
0,1,1,2,0,0,0,0,0,0,0,торговец
0,0,0,1,0,0,0,0,0,0,0,понятие
0,0,0,5,0,0,0,0,0,0,0,сто
0,0,1,1,0,0,0,0,0,0,0,бедняга
0,1,0,1,0,0,0,0,0,0,0,взгляд
0,1,1,20,13,0,0,4,0,0,0,человек
0,1,0,4,4,0,0,4,0,0,0,вод
0,-1,0,1,1,0,0,1,0,0,0,мантия
0,1,0,12,0,0,0,0,0,0,0,год
0,0,0,1,0,0,0,0,0,0,0,полгода
0,0,0,1,0,0,0,0,0,0,0,явление
0,-1,0,1,0,0,0,0,0,0,0,связь
0,1,1,2,0,0,0,0,0,0,0,генерал
0,-1,0,2,0,0,0,0,0,0,0,нога
0,0,0,1,0,0,0,0,0,0,0,джунгли
0,1,0,2,0,0,0,0,0,0,0,мотор
0,-1,0,3,0,0,0,0,0,0,0,вода
0,-1,1,27,0,0,0,0,0,0,0,звезда
0,0,0,1,0,0,0,0,0,0,0,терпение
0,0,0,1,0,0,0,0,0,0,0,послушание
0,1,1,1,0,0,0,0,0,0,0,собрат
0,0,0,1,0,0,0,0,0,0,0,малое
0,0,0,1,0,0,0,0,0,0,0,повеление
0,-1,0,1,0,0,0,0,0,0,0,яблоня
0,-1,0,1,0,0,0,0,0,0,0,пора
0,0,0,1,0,0,0,0,0,0,0,дело
0,0,0,14,8,0,0,9,0,0,0,уж
0,1,0,1,28,0,0,27,0,0,0,пот
0,0,0,2,5,0,0,0,0,0,0,вешу
0,1,0,1,0,0,0,0,0,0,0,поезд
0,-1,1,1,0,0,0,0,0,0,0,звезда
0,1,0,6,0,0,0,0,0,0,0,ящик
0,1,0,2,3,0,0,3,0,0,0,шаг
0,0,0,1,0,0,0,0,0,0,0,дерево
0,0,0,5,3,0,0,0,0,0,0,дело
0,-1,0,1,0,0,0,0,0,0,0,капуста
0,0,0,6,0,0,0,0,0,0,0,дело
0,-1,0,1,0,0,0,0,0,0,0,глотка
0,0,0,1,0,0,0,0,0,0,0,ухо
0,1,0,4,0,0,0,0,0,0,0,закат
0,1,0,1,0,0,0,0,0,0,0,коготь
0,-1,0,1,0,0,0,0,0,0,0,карета
0,-1,0,1,0,0,0,0,0,0,0,простота
0,-1,0,1,0,0,0,0,0,0,0,книжка
0,1,1,1,0,0,0,0,0,0,0,арифметик
0,1,0,2,0,0,0,0,0,0,0,час
0,-1,0,3,0,0,0,0,0,0,0,трава
0,1,0,3,0,0,0,0,0,0,0,подарок
0,1,1,1,2,0,0,0,0,0,0,арифметик
0,0,0,1,0,0,0,0,0,0,0,предисловие
0,1,0,1,0,0,0,0,0,0,0,голосок
0,0,0,1,0,0,0,0,0,0,0,имя
0,-1,0,3,0,0,0,0,0,0,0,трава
0,-1,0,1,0,0,0,0,0,0,0,вера
0,1,1,1,0,0,0,0,0,0,0,арифметик
0,1,0,1,0,0,0,0,0,0,0,приговор
0,1,0,1,0,0,0,0,0,0,0,индий
0,-1,0,1,0,0,0,0,0,0,0,совесть
0,1,1,5,0,0,0,0,0,0,0,друг
0,1,0,1,0,0,0,0,0,0,0,блеск
0,1,0,1,1,0,0,1,0,0,0,этикет
0,-1,0,1,0,0,0,0,0,0,0,трава
0,-1,0,2,1,0,0,0,0,0,0,трава
0,1,0,1,0,0,0,0,0,0,0,корабль
0,0,1,1,0,0,0,0,0,0,0,существо
0,1,0,3,0,0,0,0,0,0,0,карман
0,1,1,22,3,0,0,2,0,0,0,лис
0,1,0,1,0,0,0,0,0,0,0,карман
0,0,0,1,0,0,0,0,0,0,0,развлечение
0,-1,0,1,0,0,0,0,0,0,0,книжка
0,1,0,3,0,0,0,0,0,0,0,час
0,1,0,1,1,0,0,1,0,0,0,порыв
0,1,0,6,0,0,0,0,0,0,0,свет
0,0,0,2,0,0,0,0,0,0,0,покоя
0,-1,0,1,0,0,0,0,0,0,0,губа
0,-1,0,1,0,0,0,0,0,0,0,нога
1,-1,1,1,0,0,0,0,0,0,0,кукла
0,1,1,1,0,0,0,0,0,0,0,слон
0,-1,1,1,0,0,0,0,0,0,0,судья
0,0,0,1,0,0,0,0,0,0,0,сияние
0,1,0,2,0,0,0,0,0,0,0,час
1,-1,1,1,0,0,0,0,0,0,0,машина
0,0,0,1,0,0,0,0,0,0,0,приказание
0,0,0,1,0,0,0,0,0,0,0,платье
0,1,1,1,0,0,0,0,0,0,0,делец
0,0,0,1,0,0,0,0,0,0,0,слово
0,1,0,2,1,0,0,1,0,0,0,час
0,1,1,1,0,0,0,0,0,0,0,смертный
0,0,0,1,0,0,0,0,0,0,0,ружьё
0,1,0,5,0,0,0,0,0,0,0,колпак
0,-1,0,1,0,0,0,0,0,0,0,арифметика
0,-1,0,1,0,0,0,0,0,0,0,длина
0,-1,0,1,0,0,0,0,0,0,0,тишина
0,-1,0,1,0,0,0,0,0,0,0,сторона
0,1,0,1,0,0,0,0,0,0,0,ветер
0,-1,0,1,0,0,0,0,0,0,0,людская
0,-1,0,3,0,0,0,0,0,0,0,сторона
0,1,0,1,1,0,0,0,0,0,0,обряд
0,1,1,2,0,0,0,0,0,0,0,путешественник
0,-1,0,6,0,0,0,0,0,0,0,минута
0,1,0,1,0,0,0,0,0,0,0,куст
0,0,0,1,0,0,0,0,0,0,0,приказание
0,-1,0,5,0,0,0,0,0,0,0,минута
0,1,0,1,0,0,0,0,0,0,0,ремешок
0,-1,0,1,0,0,0,0,0,0,0,минута
0,-1,0,3,0,0,0,0,0,0,0,ночь
0,1,0,1,0,0,0,0,0,0,0,труд
0,-1,1,2,0,0,0,0,0,0,0,кура
0,1,0,1,0,0,0,0,0,0,0,конгресс
0,1,0,1,0,0,0,0,0,0,0,шелест
0,-1,0,1,0,0,0,0,0,0,0,глотка
0,0,0,1,0,0,0,0,0,0,0,электричество
0,1,0,1,0,0,0,0,0,0,0,подарок
0,1,1,4,0,0,0,0,0,0,0,старик
0,1,0,1,0,0,0,0,0,0,0,клад
0,-1,0,1,0,0,0,0,0,0,0,шея
0,1,0,2,0,0,0,0,0,0,0,труд
0,-1,0,2,0,0,0,0,0,0,0,жажда
0,1,1,4,0,0,0,0,0,0,0,взрослый
0,0,0,1,0,0,0,0,0,0,0,усилие
0,1,0,2,0,0,0,0,0,0,0,скал
0,1,0,2,0,0,0,0,0,0,0,номер
0,1,1,23,4,0,0,3,0,0,0,король
0,-1,0,1,0,0,0,0,0,0,0,шея
0,-1,0,1,0,0,0,0,0,0,0,спичка
0,1,1,5,0,0,0,0,0,0,0,король
0,1,0,1,0,0,0,0,0,0,0,лес
0,0,0,2,0,0,0,0,0,0,0,подряд
0,1,1,15,0,0,0,0,0,0,0,взрослый
0,1,0,8,6,0,0,6,0,0,0,вечер
0,1,1,1,0,0,0,0,0,0,0,король
0,-1,0,2,0,0,0,0,0,0,0,рука
0,1,1,1,7,0,0,0,0,0,0,взрослый
0,-1,0,2,0,0,0,0,0,0,0,вселенная
0,-1,0,4,0,0,0,0,0,0,0,жажда
0,1,1,4,0,0,0,0,0,0,0,взрослый
0,1,0,1,0,0,0,0,0,0,0,бридж
0,1,1,2,0,0,0,0,0,0,0,слон
0,0,0,1,0,0,0,0,0,0,0,старое
0,0,0,1,0,0,0,0,0,0,0,молчание
0,0,0,2,0,0,0,0,0,0,0,солнце
0,-1,0,1,0,0,0,0,0,0,0,опасность
0,-1,0,1,0,0,0,0,0,0,0,армия
0,-1,0,2,0,0,0,0,0,0,0,опасность
0,1,0,1,0,0,0,0,0,0,0,век
0,1,0,1,0,0,0,0,0,0,0,револьвер
0,0,0,5,0,0,0,0,0,0,0,солнце
0,1,0,1,0,0,0,0,0,0,0,воздух
0,0,0,1,0,0,0,0,0,0,0,усилие
1,1,1,4,0,0,0,0,0,0,0,том
0,1,1,2,0,0,0,0,0,0,0,король
0,1,0,1,0,0,0,0,0,0,0,лоб
0,0,0,7,0,0,0,0,0,0,0,солнце
0,1,0,1,0,0,0,0,0,0,0,ширин
0,0,0,1,0,0,0,0,0,0,0,молчание
0,-1,0,3,0,0,0,0,0,0,0,жизнь
0,-1,0,1,0,0,0,0,0,0,0,армия
0,-1,0,1,0,0,0,0,0,0,0,простуда
0,0,0,1,0,0,0,0,0,0,0,золото
0,0,0,2,0,0,0,0,0,0,0,грущу
0,0,0,5,0,0,0,0,0,0,0,слово
0,1,0,1,0,0,0,0,0,0,0,учебник
0,1,1,1,0,0,0,0,0,0,0,брат
0,-1,0,1,1,0,0,1,0,0,0,почва
0,1,0,3,0,0,0,0,0,0,0,баобаб
0,-1,0,1,0,0,0,0,0,0,0,губа
0,1,0,1,0,0,0,0,0,0,0,пожар
0,-1,0,1,0,0,0,0,0,0,0,труба
0,-1,0,1,0,0,0,0,0,0,0,кулиса
0,0,0,3,0,0,0,0,0,0,0,слово
0,0,0,1,0,0,0,0,0,0,0,безветрие
0,0,0,2,4,0,0,1,0,0,0,слово
0,1,0,1,0,0,0,0,0,0,0,колышек
0,-1,0,2,0,0,0,0,0,0,0,капля
0,-1,1,2,0,0,0,0,0,0,0,гусеница
0,1,0,2,0,0,0,0,0,0,0,мотор
0,1,0,5,0,0,0,0,0,0,0,золотой
0,-1,0,9,1,0,0,1,0,0,0,жизнь
0,-1,0,1,0,0,0,0,0,0,0,жажда
0,1,0,1,0,0,0,0,0,0,0,четверг
0,1,0,2,0,0,0,0,0,0,0,миллион
0,1,1,1,0,0,0,0,0,0,0,зайчик
0,-1,0,2,0,0,0,0,0,0,0,дорога
0,1,1,1,0,0,0,0,0,0,0,удав
0,-1,0,1,0,0,0,0,0,0,0,дорога
0,1,1,1,0,0,0,0,0,0,0,встречный
0,1,0,1,0,0,0,0,0,0,0,рисунок
0,1,0,4,0,0,0,0,0,0,0,мир
0,-1,0,1,0,0,0,0,0,0,0,трагедия
0,1,0,2,0,0,0,0,0,0,0,мир
0,1,0,1,0,0,0,0,0,0,0,рисунок
0,0,0,1,0,0,0,0,0,0,0,место
0,-1,0,1,0,0,0,0,0,0,0,трагедия
0,-1,0,1,0,0,0,0,0,0,0,репутация
0,1,1,1,0,0,0,0,0,0,0,художник
0,-1,0,2,0,0,0,0,0,0,0,дорога
0,-1,0,1,0,0,0,0,0,0,0,толпа
0,1,0,2,0,0,0,0,0,0,0,колос
0,1,0,1,0,0,0,0,0,0,0,раз
1,-1,1,1,0,0,0,0,0,0,0,горностаева
0,0,0,2,0,0,0,0,0,0,0,колено
0,0,0,1,1,0,0,0,0,0,0,окно
0,1,1,10,0,0,0,0,0,0,0,змей
0,-1,0,1,0,0,0,0,0,0,0,сцена
0,1,0,1,0,0,0,0,0,0,0,алмаз
0,0,0,1,0,0,0,0,0,0,0,красное
0,0,0,4,0,0,0,0,0,0,0,жильё
0,-1,0,1,1,0,0,1,0,0,0,власть
0,-1,0,1,0,0,0,0,0,0,0,досада
0,-1,0,1,0,0,0,0,0,0,0,репутация
0,1,0,3,0,0,0,0,0,0,0,бубенец
0,1,1,2,0,0,0,0,0,0,0,змей
0,1,1,1,1,0,0,0,0,0,0,змей
0,1,0,1,0,0,0,0,0,0,0,карьер
0,0,0,1,0,0,0,0,0,0,0,зверею
0,-1,1,1,0,0,0,0,0,0,0,жертва
0,1,0,5,3,0,0,3,0,0,0,вулкан
0,0,0,2,0,0,0,0,0,0,0,счастие
0,1,0,1,1,0,0,1,0,0,0,кустик
0,1,0,1,0,0,0,0,0,0,0,яд
0,0,0,1,0,0,0,0,0,0,0,главное
0,-1,0,1,0,0,0,0,0,0,0,комнатка
1,0,0,1,0,0,0,0,0,0,0,головы
0,0,0,2,0,0,0,0,0,0,0,понятие
0,-1,1,1,0,0,0,0,0,0,0,развалина
0,0,0,1,0,0,0,0,0,0,0,непослушание
0,0,0,1,0,0,0,0,0,0,0,основание
0,1,0,1,0,0,0,0,0,0,0,коготь
0,1,0,2,0,0,0,0,0,0,0,молоток
0,0,0,2,4,0,0,2,0,2,0,главное
0,1,0,1,0,0,0,0,0,0,0,карандаш
0,-1,0,2,1,0,0,1,0,0,0,пшеница
0,1,0,1,0,0,0,0,0,0,0,родник
0,1,0,1,0,0,0,0,0,0,0,бубенец
1,1,1,6,0,0,0,0,0,0,0,голов
0,-1,0,1,0,0,0,0,0,0,0,сила
0,1,0,2,0,0,0,0,0,0,0,родник
0,0,0,1,0,0,0,0,0,0,0,счастие
0,1,0,1,0,0,0,0,0,0,0,волосок
0,1,0,1,1,0,0,1,0,0,0,океан
0,1,0,1,0,0,0,0,0,0,0,закат
0,1,0,1,0,0,0,0,0,0,0,завтрак
0,1,0,1,0,0,0,0,0,0,0,корень
1,0,1,1,1,0,0,1,0,0,0,сент-экзюпери
0,1,1,9,0,0,0,0,0,0,0,путешественник
0,-1,0,1,0,0,0,0,0,0,0,ширма
0,1,0,1,0,0,0,0,0,0,0,край
0,1,0,1,0,0,0,0,0,0,0,стен
0,1,0,1,0,0,0,0,0,0,0,грех
0,1,0,1,0,0,0,0,0,0,0,франций
0,-1,0,1,0,0,0,0,0,0,0,истина
0,1,0,2,0,0,0,0,0,0,0,голод
0,1,1,12,2,0,0,2,0,0,0,друг
0,1,0,1,1,0,0,0,0,0,0,юпитер
0,0,0,3,0,0,0,0,0,0,0,дело
0,-1,0,1,0,0,0,0,0,0,0,польза
0,1,0,2,0,0,0,0,0,0,0,франций
0,0,0,1,0,0,0,0,0,0,0,ведаю
0,1,0,5,2,0,0,2,0,0,0,народ
0,1,0,1,0,0,0,0,0,0,0,островок
0,1,0,1,0,0,0,0,0,0,0,край
0,-1,0,1,0,0,0,0,0,0,0,деревня
0,1,0,1,0,0,0,0,0,0,0,куст
0,1,1,1,0,0,0,0,0,0,0,мальчик
0,-1,0,3,0,0,0,0,0,0,0,сталь
0,1,0,1,0,0,0,0,0,0,0,конец
0,1,1,1,0,0,0,0,0,0,0,мальчик
0,1,0,3,0,0,0,0,0,0,0,росток
0,-1,0,2,0,0,0,0,0,0,0,беда
0,1,0,1,0,0,0,0,0,0,0,камень
0,1,0,1,0,0,0,0,0,0,0,росток
0,-1,0,1,0,0,0,0,0,0,0,игла
0,-1,1,1,0,0,0,0,0,0,0,молодая
0,1,0,6,0,0,0,0,0,0,0,рад
0,0,0,2,0,0,0,0,0,0,0,открытие
0,0,0,23,5,0,0,5,0,0,0,раз
0,-1,0,3,1,0,0,0,0,0,0,беда
0,-1,1,1,0,0,0,0,0,0,0,лисица
0,-1,1,1,0,0,0,0,0,0,0,кура
0,1,0,1,0,0,0,0,0,0,0,стол
0,1,1,3,0,0,0,0,0,0,0,человек
0,0,0,1,0,0,0,0,0,0,0,чудо
0,1,0,1,0,0,0,0,0,0,0,караван
0,0,0,1,0,0,0,0,0,0,0,дерево
0,-1,0,2,0,0,0,0,0,0,0,шутка
0,-1,1,1,0,0,0,0,0,0,0,половина
0,1,0,1,0,0,0,0,0,0,0,песок
0,1,0,5,0,0,0,0,0,0,0,песок
0,0,0,2,0,0,0,0,0,0,0,открытие
0,1,0,1,0,0,0,0,0,0,0,табурет
0,0,0,1,0,0,0,0,0,0,0,свидание
0,0,0,1,0,0,0,0,0,0,0,поле
0,1,0,1,0,0,0,0,0,0,0,волос
0,1,0,1,0,0,0,0,0,0,0,плот
0,0,0,1,0,0,0,0,0,0,0,волнение
0,1,1,4,0,0,0,0,0,0,0,тигр
0,1,1,1,0,0,0,0,0,0,0,человек
0,0,0,1,0,0,0,0,0,0,0,сердце
0,-1,1,1,0,0,0,0,0,0,0,бабочка
0,0,0,8,0,0,0,0,0,0,0,тем
0,1,0,1,0,0,0,0,0,0,0,пол
0,1,0,1,0,0,0,0,0,0,0,орган
0,1,0,1,0,0,0,0,0,0,0,дом
0,-1,1,1,0,0,0,0,0,0,0,лисица
0,1,0,1,0,0,0,0,0,0,0,песок
0,1,0,3,1,0,0,1,0,0,0,астрон
0,0,0,3,0,0,0,0,0,0,0,доказательство
0,-1,0,1,0,0,0,0,0,0,0,европа
0,1,0,1,0,0,0,0,0,0,0,светильник
0,0,0,1,0,0,0,0,0,0,0,приключение
0,-1,0,1,0,0,0,0,0,0,0,работа
0,1,0,4,0,0,0,0,0,0,0,дом
0,1,0,7,0,0,0,0,0,0,0,глаз
0,-1,0,1,0,0,0,0,0,0,0,мудрость
0,-1,0,2,0,0,0,0,0,0,0,работа
0,-1,0,1,0,0,0,0,0,0,0,ширма
0,-1,0,1,0,0,0,0,0,0,0,ширма
0,1,0,1,0,0,0,0,0,0,0,приступ
0,-1,0,1,0,0,0,0,0,0,0,цена
0,1,1,1,0,0,0,0,0,0,0,стрелочник
0,-1,0,3,1,0,0,1,0,0,0,работа
0,0,0,1,0,0,0,0,0,0,0,изумление
0,-1,0,1,0,0,0,0,0,0,0,загадка
0,0,0,1,0,0,0,0,0,0,0,казнил
0,-1,0,1,0,0,0,0,0,0,0,гордость
0,0,0,1,0,0,0,0,0,0,0,королевство
1,1,1,1,0,0,0,0,0,0,0,антуан
0,0,0,1,0,0,0,0,0,0,0,первое
0,0,0,1,0,0,0,0,0,0,0,сложение
0,1,0,1,0,0,0,0,0,0,0,вид
0,0,0,1,0,0,0,0,0,0,0,окно
0,1,0,1,0,0,0,0,0,0,0,шум
0,-1,0,1,0,0,0,0,0,0,0,работа
0,0,0,4,0,0,0,0,0,0,0,знать
0,1,0,13,0,0,0,0,0,0,0,миллион
0,1,0,1,0,0,0,0,0,0,0,скрип
0,1,1,1,0,0,0,0,0,0,0,король
0,0,0,1,0,0,0,0,0,0,0,старое
0,-1,0,8,0,0,0,0,0,0,0,пустыня
0,1,0,2,0,0,0,0,0,0,0,рост
0,1,0,1,0,0,0,0,0,0,0,образ
0,1,0,1,1,0,0,0,0,0,0,росток
0,1,0,1,0,0,0,0,0,0,0,предмет
0,1,1,2,0,0,0,0,0,0,0,монарх
0,1,1,1,1,0,0,1,0,1,0,прохожий
0,0,1,1,0,0,0,0,0,0,0,воображала
0,-1,0,1,0,0,0,0,0,0,0,польза
0,0,0,1,1,0,0,1,0,0,0,положение
0,-1,0,1,0,0,0,0,0,0,0,улыбка
0,1,1,2,0,0,0,0,0,0,0,лис
0,1,0,1,0,0,0,0,0,0,0,целик
0,-1,1,1,0,0,0,0,0,0,0,бабочка
0,0,0,2,0,0,0,0,0,0,0,солнце
0,0,0,1,0,0,0,0,0,0,0,море
0,0,0,1,0,0,0,0,0,0,0,ограничение
0,0,0,1,0,0,0,0,0,0,0,пространство
0,-1,0,1,0,0,0,0,0,0,0,краска
0,0,0,1,0,0,0,0,0,0,0,королевство
0,1,0,3,0,0,0,0,0,0,0,толк
0,1,1,1,0,0,0,0,0,0,0,змей
0,1,1,1,0,0,0,0,0,0,0,честолюбец
0,-1,0,2,0,0,0,0,0,0,0,музыка
0,-1,0,1,0,0,0,0,0,0,0,бумага
0,1,0,1,0,0,0,0,0,0,0,ворот
0,-1,0,2,0,0,0,0,0,0,0,планетка
0,1,1,2,0,0,0,0,0,0,0,охотник
0,0,0,1,0,0,0,0,0,0,0,стадо
0,-1,0,2,0,0,0,0,0,0,0,планетка
0,-1,1,2,0,0,0,0,0,0,0,лисица
0,0,0,1,0,0,0,0,0,0,0,сокровище
0,-1,0,1,0,0,0,0,0,0,0,планетка
0,0,0,1,0,0,0,0,0,0,0,сокровище
0,1,1,1,0,0,0,0,0,0,0,географ
0,1,0,1,0,0,0,0,0,0,0,виноградник
0,1,0,3,0,0,0,0,0,0,0,колодец
0,-1,0,3,3,0,0,3,0,0,0,планетка
0,1,1,1,0,0,0,0,0,0,0,тигр
0,0,0,3,0,0,0,0,0,0,0,ведро
0,-1,0,1,0,0,0,0,0,0,0,бездна
0,1,0,2,0,0,0,0,0,0,0,астероид
0,-1,0,1,0,0,0,0,0,0,0,похвала
0,1,0,1,0,0,0,0,0,0,0,яд
0,1,0,1,0,0,0,0,0,0,0,астероид
0,-1,0,2,1,0,0,1,0,0,0,нежность
0,0,0,1,0,0,0,0,0,0,0,ведро
0,-1,0,1,0,0,0,0,0,0,0,посадка
0,1,0,3,0,0,0,0,0,0,0,раз
0,1,1,1,0,0,0,0,0,0,0,машинист
0,0,0,1,0,0,0,0,0,0,0,творение
1,1,1,1,1,0,0,0,0,0,0,гор
0,-1,0,1,0,0,0,0,0,0,0,болтовня
0,1,0,1,2,0,0,2,0,0,0,планет
0,0,0,2,2,0,0,2,0,2,0,право
0,1,0,4,0,0,0,0,0,0,0,раз
0,1,0,3,0,0,0,0,0,0,0,колодец
0,0,0,5,0,0,0,0,0,0,0,временю
0,1,0,7,3,0,0,1,0,0,0,год
0,0,0,1,0,0,0,0,0,0,0,ухо
0,-1,0,2,0,0,0,0,0,0,0,храбрость
0,1,0,6,0,0,0,0,0,0,0,рисунок
0,1,1,4,0,0,0,0,0,0,0,делец
0,1,1,1,0,0,0,0,0,0,0,фонарщик
0,1,0,1,0,0,0,0,0,0,0,звон
0,1,1,11,8,0,0,2,0,0,0,малыш
0,-1,0,2,0,0,0,0,0,0,0,воля
0,1,1,3,0,0,0,0,0,0,0,фонарщик
0,0,0,1,0,0,0,0,0,0,0,старое
0,-1,1,1,0,0,0,0,0,0,0,звезда
0,1,0,2,0,0,0,0,0,0,0,телескоп
0,1,0,1,0,0,0,0,0,0,0,мак
0,0,0,1,0,0,0,0,0,0,0,могущество
0,1,0,1,0,0,0,0,0,0,0,звук
0,0,0,1,0,0,0,0,0,0,0,терпение
0,1,0,1,0,0,0,0,0,0,0,звук
0,-1,0,1,1,0,0,1,0,0,0,страна
0,0,0,3,0,0,0,0,0,0,0,вещ
0,1,0,1,0,0,0,0,0,0,0,той
0,-1,0,3,0,0,0,0,0,0,0,цифра
0,0,0,1,1,0,0,0,0,0,0,могущество
0,-1,0,1,0,0,0,0,0,0,0,рука
0,0,0,2,0,0,0,0,0,0,0,ровно
0,1,1,1,0,0,0,0,0,0,0,фонарщик
0,1,0,1,0,0,0,0,0,0,0,светильник
0,0,0,1,0,0,0,0,0,0,0,рад
0,-1,0,2,0,0,0,0,0,0,0,рука
0,1,0,1,1,0,0,0,0,0,0,марс
0,-1,0,1,0,0,0,0,0,0,0,планета
0,-1,0,2,0,0,0,0,0,0,0,история
0,1,1,6,0,0,0,0,0,0,0,ребёнок
0,1,0,2,0,0,0,0,0,0,0,полюс
1,1,1,5,0,0,0,0,0,0,0,том
0,-1,0,1,0,0,0,0,0,0,0,колокольня
0,1,0,1,3,0,0,1,0,0,0,глаз
0,1,0,1,1,0,0,1,0,0,0,календарь
0,1,0,3,0,0,0,0,0,0,0,цветок
0,-1,1,1,0,0,0,0,0,0,0,муха
0,0,0,1,0,0,0,0,0,0,0,плечо
0,0,0,1,0,0,0,0,0,0,0,перо
0,-1,1,2,0,0,0,0,0,0,0,звезда
0,-1,1,5,10,0,0,2,0,0,0,звезда
0,-1,0,1,0,0,0,0,0,0,0,география
0,-1,1,1,1,0,0,0,0,0,0,венера
0,0,0,1,0,0,0,0,0,0,0,полчище
0,1,1,156,47,0,0,47,0,0,0,принц
0,1,1,1,1,0,0,1,0,0,0,бог
0,0,0,1,1,0,0,1,0,0,0,кораблекрушение
0,-1,1,2,0,0,0,0,0,0,0,пьяница
0,-1,0,1,0,0,0,0,0,0,0,стенка
0,0,0,1,0,0,0,0,0,0,0,злоключение
0,1,1,1,0,0,0,0,0,0,0,астроном
0,0,0,1,0,0,0,0,0,0,0,предчувствие
0,0,0,1,0,0,0,0,0,0,0,условие
0,-1,0,1,0,0,0,0,0,0,0,тысяча
0,-1,0,4,0,0,0,0,0,0,0,тысяча
0,-1,1,1,0,0,0,0,0,0,0,девушка
0,0,0,1,0,0,0,0,0,0,0,ничей
0,1,0,1,0,0,0,0,0,0,0,возраст
0,-1,0,1,0,0,0,0,0,0,0,посадка
0,-1,0,3,0,0,0,0,0,0,0,тысяча
0,0,0,1,2,0,0,0,0,0,0,первое
0,0,0,1,0,0,0,0,0,0,0,извержение
0,1,1,2,0,0,0,0,0,0,0,монарх
0,1,0,3,0,0,0,0,0,0,0,голос
0,1,1,2,0,0,0,0,0,0,0,лентяй
0,1,0,1,0,0,0,0,0,0,0,галстук
0,0,0,2,0,0,0,0,0,0,0,несчастие
0,0,0,1,0,0,0,0,0,0,0,присутствие
0,1,0,1,0,0,0,0,0,0,0,астероид
0,1,1,2,0,0,0,0,0,0,0,житель
0,1,1,1,0,0,0,0,0,0,0,господин
0,0,0,1,1,0,0,1,0,0,0,извержение
1,-1,1,2,0,0,0,0,0,0,0,роза
0,-1,0,1,0,0,0,0,0,0,0,точность
0,1,0,1,0,0,0,0,0,0,0,ящик
0,1,1,2,0,0,0,0,0,0,0,географ
0,-1,0,1,0,0,0,0,0,0,0,молния
0,1,0,1,0,0,0,0,0,0,0,редис
0,-1,0,2,0,0,0,0,0,0,0,втора
0,0,0,2,0,0,0,0,0,0,0,условие
0,0,0,1,0,0,0,0,0,0,0,правописание
0,0,0,1,0,0,0,0,0,0,0,убежище
0,-1,0,1,0,0,0,0,0,0,0,истина
0,1,0,1,1,0,0,1,0,0,0,образ
0,0,0,1,0,0,0,0,0,0,0,нравоучение
0,0,0,1,0,0,0,0,0,0,0,новое
0,-1,0,2,0,0,0,0,0,0,0,река
0,-1,0,1,0,0,0,0,0,0,0,истина
0,1,0,1,0,0,0,0,0,0,0,страх
0,1,1,3,0,0,0,0,0,0,0,друг
0,1,1,3,2,0,0,2,0,0,0,удав
0,1,0,1,0,0,0,0,0,0,0,ям
0,1,1,1,0,0,0,0,0,0,0,рот
0,0,0,2,0,0,0,0,0,0,0,сомнение
0,1,1,15,9,0,0,7,0,0,0,барашек
0,1,1,1,0,0,0,0,0,0,0,баран
0,0,0,1,0,0,0,0,0,0,0,первое
0,0,0,126,110,0,0,122,0,0,0,а
1,-1,1,1,1,0,0,0,0,0,0,сухая
0,1,0,16,0,0,0,0,0,0,0,тут
0,-1,0,1,0,0,0,0,0,0,0,былинка
0,0,0,1,0,0,0,0,0,0,0,слово
0,1,0,1,0,0,0,0,0,0,0,взгляд
0,0,0,451,207,0,0,252,0,0,0,и
0,1,0,1,0,0,0,0,0,0,0,четверг
1,1,1,1,0,0,0,0,0,0,0,толстой
0,1,1,1,0,0,0,0,0,0,0,политик
0,0,0,1,0,0,0,0,0,0,0,раздумье
0,1,0,4,1,0,0,1,0,0,0,поезд
0,-1,0,1,0,0,0,0,0,0,0,сила
0,0,0,1,0,0,0,0,0,0,0,средство
0,1,0,1,0,0,0,0,0,0,0,китай
0,1,0,1,0,0,0,0,0,0,0,магазин
0,-1,0,1,0,0,0,0,0,0,0,неприятность
0,-1,0,1,0,0,0,0,0,0,0,авария
0,-1,0,7,2,0,0,2,0,0,0,земля
0,-1,0,3,0,0,0,0,0,0,0,земля
0,0,0,350,207,0,0,218,0,0,0,я
0,1,0,1,0,0,0,0,0,0,0,номер
0,1,0,4,0,0,0,0,0,0,0,ответ
0,1,0,3,1,0,0,0,0,0,0,ветер
0,1,0,1,0,0,0,0,0,0,0,балет
0,1,1,1,0,0,0,0,0,0,0,голубь
0,1,0,2,1,0,0,1,0,0,0,мир
0,1,1,1,1,0,0,1,0,0,0,мальчик
0,1,0,5,0,0,0,0,0,0,0,ответ
0,1,1,1,0,0,0,0,0,0,0,младенец
0,1,1,1,0,0,0,0,0,0,0,метр
0,1,0,1,0,0,0,0,0,0,0,камень
0,0,0,9,2,0,0,2,0,0,0,время
0,1,0,1,0,0,0,0,0,0,0,китай
0,0,0,1,0,0,0,0,0,0,0,сознание
0,1,0,1,0,0,0,0,0,0,0,лепесток
0,0,0,1,0,0,0,0,0,0,0,пение
0,1,0,1,0,0,0,0,0,0,0,полдень
0,-1,0,1,0,0,0,0,0,0,0,мода
0,1,0,1,0,0,0,0,0,0,0,клочок
0,-1,0,1,1,0,0,1,0,0,0,свежесть
0,1,0,1,0,0,0,0,0,0,0,рисунок
0,1,1,1,0,0,0,0,0,0,0,честолюбец
0,1,0,1,0,0,0,0,0,0,0,корень
0,-1,0,1,0,0,0,0,0,0,0,рука
0,1,0,3,0,0,0,0,0,0,0,рассвет
0,1,0,4,1,0,0,1,0,0,0,час
0,1,0,1,0,0,0,0,0,0,0,корень
0,1,1,1,0,0,0,0,0,0,0,отец
0,1,1,1,0,0,0,0,0,0,0,господин
0,-1,0,1,0,0,0,0,0,0,0,работа
0,-1,0,2,2,0,0,2,0,0,0,гайка
0,1,0,1,0,0,0,0,0,0,0,вывод
0,-1,0,1,0,0,0,0,0,0,0,вышина
0,-1,0,1,0,0,0,0,0,0,0,юстиция
0,-1,0,1,0,0,0,0,0,0,0,задача
0,-1,1,1,0,0,0,0,0,0,0,пчела
0,1,1,7,0,0,0,0,0,0,0,стрелочник
0,1,0,2,0,0,0,0,0,0,0,порядок
0,1,0,1,0,0,0,0,0,0,0,бутон
0,0,0,1,0,0,0,0,0,0,0,колечко
0,-1,0,1,0,0,0,0,0,0,0,ресница
0,1,0,5,1,0,0,1,0,0,0,намордник
0,-1,0,1,0,0,0,0,0,0,0,австралия
0,1,1,1,0,0,0,0,0,0,0,делец
0,1,0,1,0,0,0,0,0,0,0,рисунок
0,1,0,1,0,0,0,0,0,0,0,кустик
0,1,0,2,0,0,0,0,0,0,0,рисунок
0,1,0,1,0,0,0,0,0,0,0,континент
0,0,0,2,0,0,0,0,0,0,0,мыслю
0,1,1,2,1,0,0,1,0,0,0,генерал
0,1,1,1,0,0,0,0,0,0,0,художник
0,0,0,3,0,0,0,0,0,0,0,ладоши
0,1,0,2,0,0,0,0,0,0,0,цвет
0,1,1,3,0,0,0,0,0,0,0,барашек
0,-1,0,1,0,0,0,0,0,0,0,революция
0,1,0,1,0,0,0,0,0,0,0,расспрос
0,0,0,1,1,0,0,1,0,0,0,мужество
0,1,1,15,0,0,0,0,0,0,0,человек
0,1,0,1,0,0,0,0,0,0,0,палец
0,-1,0,1,0,0,0,0,0,0,0,цифра
0,1,0,1,0,0,0,0,0,0,0,палец
0,-1,1,1,0,0,0,0,0,0,0,птица
0,1,1,1,0,0,0,0,0,0,0,горностай
0,-1,1,5,1,0,0,0,0,0,0,шляпа
0,-1,0,2,0,0,0,0,0,0,0,гайка
0,1,0,4,3,0,0,3,0,0,0,астероид
0,1,1,17,0,0,0,0,0,0,0,барашек
0,-1,0,1,0,0,0,0,0,0,0,луна
0,-1,0,3,0,0,0,0,0,0,0,помочь
0,1,0,1,0,0,0,0,0,0,0,шарф
0,1,1,1,0,0,0,0,0,0,0,дух
0,-1,1,2,0,0,0,0,0,0,0,шляпа
0,1,1,4,0,0,0,0,0,0,0,барашек
0,1,0,1,1,0,0,1,0,0,0,укус
0,0,0,1,0,0,0,0,0,0,0,первое
0,-1,0,1,0,0,0,0,0,0,0,крыша
0,-1,0,1,0,0,0,0,0,0,0,сказка
0,1,0,1,0,0,0,0,0,0,0,мир
0,1,1,8,3,0,0,2,0,0,0,честолюбец
0,1,0,5,0,0,0,0,0,0,0,глаз
0,1,1,1,0,0,0,0,0,0,0,человек
0,1,0,15,0,0,0,0,0,0,0,планет
0,-1,0,2,0,0,0,0,0,0,0,рука
0,1,0,1,0,0,0,0,0,0,0,огонёк
0,1,1,1,0,0,0,0,0,0,0,флюгер
0,1,1,2,0,0,0,0,0,0,0,человек
0,1,0,8,0,0,0,0,0,0,0,планет
0,-1,0,1,0,0,0,0,0,0,0,профессия
0,1,1,15,0,0,0,0,0,0,0,принц
0,1,0,1,0,0,0,0,0,0,0,вагон
0,1,0,3,0,0,0,0,0,0,0,секрет
0,1,1,1,0,0,0,0,0,0,0,принц
0,1,0,2,0,0,0,0,0,0,0,разговор
0,-1,1,1,0,0,0,0,0,0,0,крыса
0,1,1,1,0,0,0,0,0,0,0,посол
0,1,0,2,0,0,0,0,0,0,0,сахар
0,1,0,1,0,0,0,0,0,0,0,бутон
0,1,1,6,0,0,0,0,0,0,0,принц
0,1,0,1,0,0,0,0,0,0,0,северн
1,-1,1,12,0,0,0,0,0,0,0,цвета
0,-1,0,1,0,0,0,0,0,0,0,смерть
0,1,0,1,0,0,0,0,0,0,0,восторг
0,-1,0,1,0,0,0,0,0,0,0,забава
0,-1,0,4,2,0,0,0,0,0,0,пустыня
0,-1,0,1,0,0,0,0,0,0,0,неудача
0,-1,1,2,0,0,0,0,0,0,0,крыса
0,0,1,1,0,0,0,0,0,0,0,лицо
0,-1,0,1,0,0,0,0,0,0,0,пустыня
0,-1,0,2,0,0,0,0,0,0,0,штука
1,1,1,1,0,0,0,0,0,0,0,гор
0,-1,0,1,0,0,0,0,0,0,0,сдержанность
0,1,0,1,0,0,0,0,0,0,0,город
0,-1,0,1,0,0,0,0,0,0,0,пилюля
0,0,0,2,0,0,0,0,0,0,0,дал
0,0,0,1,1,0,0,1,0,0,0,зато
0,0,0,1,0,0,0,0,0,0,0,чернила
0,1,0,1,0,0,0,0,0,0,0,браслет
0,0,0,1,0,0,0,0,0,0,0,утро
0,0,0,1,0,0,0,0,0,0,0,толще
0,1,0,1,1,0,0,0,0,0,0,танец
0,1,0,24,0,0,0,0,0,0,0,планет
0,1,0,5,2,0,0,1,0,0,0,колодец
0,1,0,14,11,0,0,10,0,0,0,планет
0,-1,0,2,0,0,0,0,0,0,0,пустынь
0,1,0,1,0,0,0,0,0,0,0,камень
0,0,0,1,0,0,0,0,0,0,0,даю
0,1,0,1,0,0,0,0,0,0,0,ключ
0,-1,0,1,0,0,0,0,0,0,0,стать
0,-1,0,1,0,0,0,0,0,0,0,разновидность
0,-1,0,3,0,0,0,0,0,0,0,смерть
0,-1,1,1,0,0,0,0,0,0,0,дама
0,1,0,1,0,0,0,0,0,0,0,дар
0,-1,0,1,0,0,0,0,0,0,0,верность
0,1,0,3,0,0,0,0,0,0,0,вулкан
0,1,0,1,0,0,0,0,0,0,0,народ
0,1,0,1,0,0,0,0,0,0,0,ревматизм
0,1,0,1,0,0,0,0,0,0,0,миллиард
0,1,0,2,0,0,0,0,0,0,0,волос
0,-1,0,1,0,0,0,0,0,0,0,краска
0,1,0,1,0,0,0,0,0,0,0,платок
0,1,0,1,0,0,0,0,0,0,0,кабинет
0,1,0,5,0,0,0,0,0,0,0,вулкан
0,0,0,1,0,0,0,0,0,0,0,зерно
0,1,0,2,0,0,0,0,0,0,0,ряд
0,1,1,1,0,0,0,0,0,0,0,ребёнок
0,0,0,5,0,0,0,0,0,0,0,семя
0,-1,0,1,0,0,0,0,0,0,0,повесть
0,1,0,1,0,0,0,0,0,0,0,вред
0,-1,0,8,0,0,0,0,0,0,0,ночь
0,1,0,1,0,0,0,0,0,0,0,гранит
0,1,0,1,0,0,0,0,0,0,0,гольф
0,0,1,1,0,0,0,0,0,0,0,насекомое
0,-1,0,1,0,0,0,0,0,0,0,подробность
0,0,0,1,0,0,0,0,0,0,0,первое
0,1,0,1,0,0,0,0,0,0,0,ритм
0,1,0,1,0,0,0,0,0,0,0,патент
0,1,0,2,0,0,0,0,0,0,0,колпак
0,0,0,1,0,0,0,0,0,0,0,зараз
0,1,0,2,0,0,0,0,0,0,0,лепесток
0,1,0,1,0,0,0,0,0,0,0,остров
0,0,0,1,0,0,0,0,0,0,0,удивление
0,0,0,1,0,0,0,0,0,0,0,новое
0,-1,0,3,1,0,0,1,0,0,0,вина
0,-1,0,9,0,0,0,0,0,0,0,земля
0,-1,1,10,0,0,0,0,0,0,0,жила
0,0,0,1,1,0,0,1,0,0,0,пение
0,0,0,5,2,2,0,2,0,0,0,начало
0,-1,0,1,0,0,0,0,0,0,0,пустынь
0,-1,0,1,0,0,0,0,0,0,0,зеландия
0,-1,1,5,3,0,0,3,0,0,0,красавица
0,0,0,1,0,0,0,0,0,0,0,благоухание
0,0,0,3,0,0,0,0,0,0,0,эхо
0,1,0,1,0,0,0,0,0,0,0,вопрос
0,0,0,1,0,0,0,0,0,0,0,первое
0,-1,0,1,0,0,0,0,0,0,0,пустынь
0,1,0,1,0,0,0,0,0,0,0,огонь
0,1,0,1,0,0,0,0,0,0,0,предел
0,-1,0,3,5,0,0,4,0,0,0,ночь
0,-1,0,1,0,0,0,0,0,0,0,игра
0,-1,0,1,0,0,0,0,0,0,0,ошибка
0,-1,0,1,0,0,0,0,0,0,0,ошибка
0,1,0,1,0,0,0,0,0,0,0,лист
0,1,0,1,0,0,0,0,0,0,0,баобаб
0,1,1,1,0,0,0,0,0,0,0,лис
0,0,0,2,0,0,0,0,0,0,0,главное
0,1,0,3,0,0,0,0,0,0,0,стул
0,-1,0,3,0,0,0,0,0,0,0,минута
0,-1,0,1,0,0,0,0,0,0,0,игра
0,1,0,3,1,0,0,1,0,0,0,вопрос
0,0,0,1,0,0,0,0,0,0,0,джунгли
0,1,1,1,0,0,0,0,0,0,0,лис
0,-1,0,1,0,0,0,0,0,0,0,ночь
0,1,1,2,0,0,0,0,0,0,0,лис
0,0,0,1,0,0,0,0,0,0,0,значение
0,0,0,1,0,0,0,0,0,0,0,зрелище
0,-1,0,1,0,0,0,0,0,0,0,уловка
0,0,0,1,0,0,0,0,0,0,0,терпение
0,1,0,1,0,0,0,0,0,0,0,магазин
0,1,1,1,1,0,0,0,0,0,0,дружок
0,0,0,1,8,0,0,0,0,0,0,имя
0,1,0,2,1,0,0,1,0,0,0,ответ
0,1,0,3,0,0,0,0,0,0,0,стан
0,-1,0,1,0,0,0,0,0,0,0,бутылка
0,1,0,2,0,0,0,0,0,0,0,рассказ
0,1,0,6,0,0,0,0,0,0,0,песок
0,-1,0,3,0,0,0,0,0,0,0,велик
0,-1,0,1,0,0,0,0,0,0,0,нерешимость
0,1,0,4,0,0,0,0,0,0,0,куст
0,-1,1,1,0,0,0,0,0,0,0,птица
0,-1,0,5,0,0,0,0,0,0,0,неделя
0,-1,0,5,2,0,0,2,0,0,0,пора
0,-1,0,1,1,0,0,0,0,0,0,неделя
0,1,0,1,1,0,0,1,0,0,0,смех
0,-1,1,1,0,0,0,0,0,0,0,бабочка
0,1,0,4,0,0,0,0,0,0,0,вечер
0,-1,0,1,0,0,0,0,0,0,0,луна
0,0,0,1,0,0,0,0,0,0,0,сожаление
0,-1,0,1,0,0,0,0,0,0,0,величина
0,1,0,1,0,0,0,0,0,0,0,карандаш
0,-1,0,1,1,0,0,1,0,0,0,сигарета
0,-1,0,1,0,0,0,0,0,0,0,скорость
0,-1,1,2,0,0,0,0,0,0,0,кура
0,-1,0,4,0,0,0,0,0,0,0,миля
0,1,0,1,0,0,0,0,0,0,0,родник
0,0,0,1,0,0,0,0,0,0,0,воображение
0,-1,0,1,0,0,0,0,0,0,0,охота
0,1,0,1,0,0,0,0,0,0,0,колос
0,1,0,1,0,0,0,0,0,0,0,сад
0,0,0,1,1,0,0,1,0,0,0,мгновение
0,1,0,2,1,0,0,1,0,0,0,месяц
0,1,0,2,0,0,0,0,0,0,0,приказ
0,-1,0,1,0,0,0,0,0,0,0,африка
0,0,0,6,0,0,0,0,0,0,0,сердце
0,1,0,2,0,0,0,0,0,0,0,цвет
0,1,0,1,0,0,0,0,0,0,0,виски
0,0,0,1,0,0,0,0,0,0,0,полминуты
0,0,0,1,0,0,0,0,0,0,0,правило
0,1,0,1,0,0,0,0,0,0,0,душ
0,-1,0,1,0,0,0,0,0,0,0,африка
0,0,0,3,0,0,0,0,0,0,0,сам
0,0,0,1,0,0,0,0,0,0,0,небо
0,0,0,6,0,0,0,0,0,0,0,небо
0,1,0,1,1,0,0,1,0,0,0,характер
0,1,0,28,9,0,0,3,0,0,0,цветок
0,1,0,1,0,0,0,0,0,0,0,родник
0,1,1,1,0,0,0,0,0,0,0,торговец
0,-1,0,1,0,0,0,0,0,0,0,лейка
0,0,0,1,0,0,0,0,0,0,0,подножие
0,0,0,2,0,0,0,0,0,0,0,небо
0,-1,0,1,0,0,0,0,0,0,0,россия
0,0,0,1,0,0,0,0,0,0,0,сходство
0,-1,0,1,0,0,0,0,0,0,0,штучка
0,1,0,2,0,0,0,0,0,0,0,душ
0,1,0,2,0,0,0,0,0,0,0,смысл
0,1,0,1,0,0,0,0,0,0,0,душ
0,-1,0,1,0,0,0,0,0,0,0,неправда
0,-1,0,1,0,0,0,0,0,0,0,прядь
0,-1,0,1,0,0,0,0,0,0,0,гордость
0,0,0,2,0,0,0,0,0,0,0,небо
0,-1,0,1,0,0,0,0,0,0,0,дюна
0,0,0,1,0,0,0,0,0,0,0,ожидание
1,1,1,3,0,0,0,0,0,0,0,гор
0,0,0,3,0,0,0,0,0,0,0,сердце
0,1,1,22,0,0,0,3,0,0,0,уж
0,1,1,1,0,0,0,0,0,0,0,живой
0,1,0,1,0,0,0,0,0,0,0,клад
0,-1,0,1,0,0,0,0,0,0,0,передышка
1,1,1,2,0,0,0,0,0,0,0,гор
0,0,0,5,0,0,0,0,0,0,0,того
0,0,0,1,0,0,0,0,0,0,0,величество
0,1,0,2,0,0,0,0,0,0,0,снег
0,1,0,1,0,0,0,0,0,0,0,душ
0,-1,0,1,1,0,0,1,0,0,0,походка
0,0,0,3,4,0,0,3,0,0,0,величество
1,1,1,3,2,0,0,0,0,0,0,гор
0,-1,0,1,0,0,0,0,0,0,0,речь
0,1,0,1,0,0,0,0,0,0,0,конец
0,0,0,1,0,0,0,0,0,0,0,созерцание
0,-1,0,2,0,0,0,0,0,0,0,уза
0,-1,0,1,0,0,0,0,0,0,0,оболочка
0,-1,0,1,0,0,0,0,0,0,0,река
0,1,0,1,0,0,0,0,0,0,0,конец
0,-1,0,1,0,0,0,0,0,0,0,пора
0,1,0,1,0,0,0,0,0,0,0,пурпур
0,0,0,1,0,0,0,0,0,0,0,представление
0,0,0,1,0,0,0,0,0,0,0,рисование
0,1,1,3,0,0,0,0,0,0,0,фонарщик
0,1,1,10,0,0,0,0,0,0,0,фонарщик
0,-1,0,1,0,0,0,0,0,0,0,речь
0,0,0,8,3,0,0,5,0,0,0,куда
0,1,1,3,0,0,0,0,0,0,0,удав
0,1,1,2,0,0,0,0,0,0,0,барашек
0,-1,0,1,0,0,0,0,0,0,0,разгадка
0,-1,1,2,0,0,0,0,0,0,0,гостья
0,0,0,1,0,0,0,0,0,0,0,непокорство
0,-1,1,2,1,0,0,0,0,0,0,маленькая
0,-1,0,1,0,0,0,0,0,0,0,причина
0,1,0,3,0,0,0,0,0,0,0,ворот
0,1,1,1,0,0,0,0,0,0,0,удав
0,1,0,1,0,0,0,0,0,0,0,вулкан
0,-1,0,1,0,0,0,0,0,0,0,оболочка
0,1,1,1,1,0,0,1,0,0,0,правитель
0,1,0,1,0,0,0,0,0,0,0,рисунок
0,0,0,1,0,0,0,0,0,0,0,любопытство
0,1,1,1,0,0,0,0,0,0,0,цветной
0,1,0,1,0,0,0,0,0,0,0,коготь
0,1,0,2,0,0,0,0,0,0,0,цветок
0,1,1,1,0,0,0,0,0,0,0,правитель
1,-1,1,7,0,0,0,0,0,0,0,роза
0,0,0,1,0,0,0,0,0,0,0,утро
0,1,1,1,0,0,0,0,0,0,0,цветной
0,1,0,36,0,0,0,0,0,0,0,пот
1,-1,1,7,0,0,0,0,0,0,0,роза
1,0,0,1,0,0,0,0,0,0,0,рождественские
0,1,1,2,0,0,0,0,0,0,0,принц
0,1,1,5,0,0,0,0,0,0,0,друг
0,1,0,1,0,0,0,0,0,0,0,хлеб
0,1,0,1,1,1,0,1,0,1,0,пал
0,0,0,5,0,0,0,0,0,0,0,утро
0,0,0,1,0,0,0,0,0,0,0,прощание
0,1,0,3,0,0,0,0,0,0,0,цветок
1,-1,1,1,0,0,0,0,0,0,0,роза
0,-1,0,3,0,0,0,0,0,0,0,картинка
0,1,0,1,0,0,0,0,0,0,0,трон
0,1,1,1,0,0,0,0,0,0,0,товарищ
1,-1,1,7,4,0,0,2,0,0,0,роза
0,0,0,1,0,0,0,0,0,0,0,число
0,-1,0,1,0,0,0,0,0,0,0,цифра
0,-1,0,1,0,0,0,0,0,0,0,герань
0,-1,0,2,2,0,0,2,0,0,0,краса
0,0,0,1,1,0,0,1,0,0,0,человечество
0,1,0,2,0,0,0,0,0,0,0,цветок
0,1,0,1,0,0,0,0,0,0,0,митинг
0,1,0,2,0,0,0,0,0,0,0,вид
0,-1,0,1,0,0,0,0,0,0,0,хитрость
0,0,0,1,0,0,0,0,0,0,0,поле
0,1,1,4,0,0,0,0,0,0,0,шип
0,-1,0,1,0,0,0,0,0,0,0,злость
0,1,1,1,0,0,0,0,0,0,0,баран
0,1,0,10,4,0,0,0,0,0,0,путь
0,-1,0,1,0,0,0,0,0,0,0,секунда
0,-1,1,1,0,0,0,0,0,0,0,кокетка
0,-1,0,1,0,0,0,0,0,0,0,картинка
0,0,0,3,0,0,0,0,0,0,0,удовольствие
0,-1,1,1,0,0,0,0,0,0,0,бабочка
0,1,0,1,0,0,0,0,0,0,0,след
0,1,1,8,0,0,0,0,0,0,0,шип
0,1,1,2,0,0,0,0,0,0,0,друг
0,1,0,5,0,0,0,0,0,0,0,день
0,1,0,1,0,0,0,0,0,0,0,поезд
0,1,0,7,2,0,0,2,0,0,0,дом
0,-1,0,1,0,0,0,0,0,0,0,аризона
0,1,0,3,0,0,0,0,0,0,0,путь
0,1,0,1,0,0,0,0,0,0,0,ум
0,1,1,1,0,0,0,0,0,0,0,франк
0,1,0,1,0,0,0,0,0,0,0,уголок
0,0,0,1,0,0,0,0,0,0,0,море
0,0,0,1,0,0,0,0,0,0,0,настоящее
0,1,1,2,0,0,0,0,0,0,0,друг
0,1,1,2,0,0,0,0,0,0,0,министр
0,-1,0,7,0,0,0,0,0,0,0,быль
0,-1,0,1,0,0,0,0,0,0,0,броня
0,-1,0,9,0,0,0,0,0,0,0,тысяча
0,1,0,2,0,0,0,0,0,0,0,баобаб
0,0,0,1,0,0,0,0,0,0,0,совершенство
0,1,0,1,0,0,0,0,0,0,0,день
0,1,0,1,0,0,0,0,0,0,0,саж
1,-1,1,2,0,0,0,0,0,0,0,люба
0,1,1,16,5,0,0,4,0,0,0,географ
-1,0,0,18,0,0,0,0,0,0,0,имя
0,1,0,1,0,0,0,0,0,0,0,оборот
0,-1,0,1,1,0,0,1,0,0,0,красота
0,1,0,1,0,0,0,0,0,0,0,шаг
0,1,1,1,0,0,0,0,0,0,0,специалист
0,-1,0,1,0,0,0,0,0,0,0,книга
0,1,0,1,1,0,0,0,0,0,0,мор
0,1,0,2,0,0,0,0,0,0,0,сквозняк
0,1,0,2,0,0,0,0,0,0,0,закат
0,1,0,9,0,0,0,0,0,0,0,баобаб
0,1,0,1,0,0,0,0,0,0,0,гром
0,1,1,1,0,0,0,0,0,0,0,шип
0,1,0,5,0,0,0,0,0,0,0,стен
0,1,1,1,0,0,0,0,0,0,0,зверь
0,-1,0,1,0,0,0,0,0,0,0,сила
0,1,0,1,0,0,0,0,0,0,0,день
0,1,1,2,0,0,0,0,0,0,0,малыш
0,1,1,1,0,0,0,0,0,0,0,жук
0,1,0,1,0,0,0,0,0,0,0,дом
0,-1,0,1,0,0,0,0,0,0,0,щиколотка
1,0,1,1,0,0,0,0,0,0,0,дали
0,1,0,2,0,0,0,0,0,0,0,сад
0,0,0,1,0,0,0,0,0,0,0,движение
0,1,0,2,0,0,0,0,0,0,0,рог
0,1,0,3,0,0,0,0,0,0,0,ворот
0,1,0,2,0,0,0,0,0,0,0,обряд
0,0,0,1,0,0,0,0,0,0,0,здоровье
0,1,0,1,1,0,0,1,0,0,0,приказ
0,0,0,1,1,0,0,1,0,0,0,тело
0,1,0,2,1,0,0,0,0,0,0,умолк
1,1,1,1,0,0,0,0,0,0,0,машин
0,0,0,1,0,0,0,0,0,0,0,тело
0,1,0,1,0,0,0,0,0,0,0,избыток
0,1,0,1,0,0,0,0,0,0,0,глаз
0,1,0,1,0,0,0,0,0,0,0,вулкан
0,1,0,1,0,0,0,0,0,0,0,стен
0,-1,0,1,0,0,0,0,0,0,0,трава
0,-1,0,1,0,0,0,0,0,0,0,бумажка
0,-1,0,1,0,0,0,0,0,0,0,рука
0,-1,0,1,0,0,0,0,0,0,0,тайна
0,1,0,1,0,0,0,0,0,0,0,шаг
0,-1,0,1,0,0,0,0,0,0,0,турция
0,1,0,1,0,0,0,0,0,0,0,миллиард
0,1,0,1,0,0,0,0,0,0,0,аромат
0,-1,0,1,0,0,0,0,0,0,0,идея
0,1,1,2,0,0,0,0,0,0,0,хозяин
0,0,0,5,0,0,0,0,0,0,0,сорок
0,1,0,2,0,0,0,0,0,0,0,шаг
0,1,0,1,0,0,0,0,0,0,0,платок
0,-1,0,1,0,0,0,0,0,0,0,бумажка
0,1,0,1,0,0,0,0,0,0,0,молоток
0,0,0,1,0,0,0,0,0,0,0,веление
0,0,0,1,0,0,0,0,0,0,0,богаче
0,-1,0,1,0,0,0,0,0,0,0,планетка
0,-1,0,1,0,0,0,0,0,0,0,картинка
0,0,0,13,4,0,0,7,0,0,0,ли
0,-1,0,1,0,0,0,0,0,0,0,красота
0,0,0,3,1,0,0,1,0,0,0,вон
0,1,1,1,0,0,0,0,0,0,0,друг
0,1,0,13,2,0,0,1,0,0,0,фонарь
0,1,1,1,0,0,0,0,0,0,0,взрослый
0,1,0,3,0,0,0,0,0,0,0,случай
0,-1,1,2,0,0,0,0,0,0,0,чайка
0,-1,0,3,0,0,0,0,0,0,0,радость
0,1,1,1,0,0,0,0,0,0,0,зверь
0,0,0,1,0,0,0,0,0,0,0,покрывало
0,-1,0,1,0,0,0,0,0,0,0,загадка
0,1,0,2,0,0,0,0,0,0,0,шаг
0,1,1,2,0,0,0,0,0,0,0,географ
0,-1,0,3,0,0,0,0,0,0,0,америка
0,0,0,1,0,0,0,0,0,0,0,одиночество
0,-1,0,1,0,0,0,0,0,0,0,милость
0,-1,0,1,0,0,0,0,0,0,0,свеча
0,0,0,1,0,0,0,0,0,0,0,приготовление
0,1,0,2,0,0,0,0,0,0,0,свет
0,0,0,3,0,0,0,0,0,0,0,место
0,0,0,1,0,0,0,0,0,0,0,ремесло
0,0,0,2,0,0,0,0,0,0,0,утро
0,-1,0,1,0,0,0,0,0,0,0,справка
0,1,0,2,1,0,0,1,0,0,0,портрет
0,0,0,1,0,0,0,0,0,0,0,правописание
0,1,1,1,0,0,0,0,0,0,0,дух
0,1,0,1,0,0,0,0,0,0,0,бег
0,1,0,1,0,0,0,0,0,0,0,сон
0,1,0,1,0,0,0,0,0,0,0,лоб
0,0,0,1,0,0,0,0,0,0,0,место
0,-1,0,11,0,0,0,0,0,0,0,нея
0,0,0,1,0,0,0,0,0,0,0,начало
0,-1,0,1,0,0,0,0,0,0,0,география
0,1,0,1,0,0,0,0,0,0,0,океан
0,-1,0,1,0,0,0,0,0,0,0,пила
0,1,0,1,2,0,0,2,0,0,0,баобаб
0,-1,1,1,0,0,0,0,0,0,0,маленькая
0,1,0,1,0,0,0,0,0,0,0,океан
0,1,0,2,0,0,0,0,0,0,0,ветер
0,1,0,1,0,0,0,0,0,0,0,пир
0,1,1,2,0,0,0,0,0,0,0,почитатель
0,-1,0,1,0,0,0,0,0,0,0,лапа
0,1,0,4,0,0,0,0,0,0,0,баобаб
0,1,0,3,1,0,0,0,0,0,0,золотой
0,-1,1,3,0,0,0,0,0,0,0,маленькая
0,-1,1,1,0,0,0,0,0,0,0,умница
0,0,1,2,0,0,0,0,0,0,0,лицо
0,1,0,2,0,0,0,0,0,0,0,гром
0,1,0,1,0,0,0,0,0,0,0,гнев
0,-1,1,5,0,0,0,0,0,0,0,маленькая
0,-1,0,2,0,0,0,0,0,0,0,нея
0,1,0,1,0,0,0,0,0,0,0,нос
0,0,0,2,0,0,0,0,0,0,0,плечо
0,1,0,2,0,0,0,0,0,0,0,карандаш
0,0,0,9,0,0,0,0,0,0,0,место
0,0,0,1,0,0,0,0,0,0,0,пламя
0,0,0,1,0,0,0,0,0,0,0,плечо
0,-1,0,1,0,0,0,0,0,0,0,месса
0,-1,0,3,0,0,0,0,0,0,0,география
0,1,0,1,0,0,0,0,0,0,0,ветер
0,1,0,1,0,0,0,0,0,0,0,год
0,0,0,1,0,0,0,0,0,0,0,место
0,1,0,3,0,0,0,0,0,0,0,год
0,-1,1,1,0,0,0,0,0,0,0,пьяница
0,0,0,1,0,0,0,0,0,0,0,название
0,0,0,1,0,0,0,0,0,0,0,появление
0,-1,0,1,0,0,0,0,0,0,0,правда
0,1,0,2,0,0,0,0,0,0,0,луч
0,1,0,1,0,0,0,0,0,0,0,кирпич
0,-1,0,1,0,0,0,0,0,0,0,сотня
0,1,0,2,0,0,0,0,0,0,0,сон
0,1,0,1,0,0,0,0,0,0,0,лепестков
0,0,0,1,0,0,0,0,0,0,0,появление
0,1,0,2,0,0,0,0,0,0,0,город
0,-1,0,1,0,0,0,0,0,0,0,игла
0,-1,1,8,1,0,0,1,0,0,0,пьяница
0,-1,0,2,0,0,0,0,0,0,0,правда
0,-1,1,2,0,0,0,0,0,0,0,змейка
0,1,0,2,0,0,0,0,0,0,0,год
0,1,0,2,2,0,0,0,0,0,0,гриб
0,-1,0,7,4,0,0,0,0,0,0,правда
0,-1,0,2,0,0,0,0,0,0,0,пилюля
0,-1,0,1,0,0,0,0,0,0,0,вещь
0,1,1,1,0,0,0,0,0,0,0,механик
0,-1,0,1,0,0,0,0,0,0,0,будка
0,1,0,1,0,0,0,0,0,0,0,огонь
0,1,1,2,0,0,0,0,0,0,0,удав
0,-1,0,1,0,0,0,0,0,0,0,одежда
0,1,1,2,0,0,0,0,0,0,0,пассажир
0,1,0,2,11,0,0,9,0,0,0,миллион
0,-1,0,3,0,0,0,0,0,0,0,книга
0,0,0,2,1,0,0,1,0,0,0,занятие
0,-1,0,2,0,0,0,0,0,0,0,книга
0,0,0,2,0,0,0,0,0,0,0,старое
0,1,0,1,0,0,0,0,0,0,0,океан
0,1,0,1,0,0,0,0,0,0,0,вечер
0,-1,0,1,1,0,0,0,0,0,0,книга
