0,1,0,6,3,2,0,2,0,0,0,'день'
1,-1,1,4,0,0,0,0,0,0,0,'голова'
0,1,0,1,0,0,0,0,0,0,0,'вод'
0,1,0,9,0,0,0,0,0,0,0,'хвост'
0,-1,1,1,1,0,0,1,0,0,0,'каналья'
0,-1,0,7,0,0,0,0,0,0,0,'шея'
0,1,0,1,0,0,0,0,0,0,0,'воротник'
0,1,1,1,0,0,0,0,0,0,0,'дядюшка'
0,-1,0,2,0,0,0,0,0,0,0,'рука'
0,1,0,2,2,0,0,2,0,0,0,'вечер'
0,-1,0,1,0,0,0,0,0,0,0,'курточка'
0,-1,0,1,0,0,0,0,0,0,0,'дюжина'
0,1,0,2,0,0,0,0,0,0,0,'клок'
0,1,0,1,0,0,0,0,0,0,0,'парик'
0,0,0,1,1,0,0,0,0,0,0,'равновесие'
0,0,0,1,0,0,0,0,0,0,0,'старое'
0,-1,0,1,0,0,0,0,0,0,0,'интонация'
0,0,0,1,0,0,0,0,0,0,0,'зрение'
1,1,1,3,0,0,0,0,0,0,0,'том'
0,-1,0,1,0,0,0,0,0,0,0,'жизнь'
0,0,0,1,0,0,0,0,0,0,0,'слово'
0,1,0,1,0,0,0,0,0,0,0,'монолог'
0,-1,0,1,0,0,0,0,0,0,0,'комната'
0,1,0,1,0,0,0,0,0,0,0,'вкус'
0,1,0,1,0,0,0,0,0,0,0,'ушиб'
0,-1,0,1,0,0,0,0,0,0,0,'лапа'
0,-1,0,2,0,0,0,0,0,0,0,'грудь'
0,-1,0,1,0,0,0,0,0,0,0,'порция'
0,1,0,1,1,0,0,0,0,0,0,'пожар'
0,0,0,1,0,0,0,0,0,0,0,'выражение'
0,-1,0,2,0,0,0,0,0,0,0,'грусть'
0,0,0,2,0,0,0,0,0,0,0,'передневал'
0,0,0,1,0,0,0,0,0,0,0,'слово'
0,0,0,1,1,0,0,1,0,0,0,'слово'
0,-1,1,1,0,0,0,0,0,0,0,'мисс'
0,1,1,1,1,0,0,0,0,0,0,'голубчик'
0,-1,1,1,0,0,0,0,0,0,0,'молодая'
0,0,0,1,0,0,0,0,0,0,0,'помои'
0,-1,0,1,0,0,0,0,0,0,0,'разница'
0,0,0,2,0,0,0,0,0,0,0,'крыло'
0,-1,0,1,0,0,0,0,0,0,0,'еда'
0,-1,0,1,0,0,0,0,0,0,0,'щека'
0,1,0,1,0,0,0,0,0,0,0,'туман'
0,-1,0,2,1,0,0,1,0,0,0,'помесь'
0,1,1,1,0,0,0,0,0,0,0,'кум'
0,1,0,3,0,0,0,0,0,0,0,'корд'
0,0,0,1,1,0,0,1,0,0,0,'путешествие'
0,-1,0,2,1,0,0,1,0,0,0,'жизнь'
0,1,1,2,0,0,0,0,0,0,0,'мужик'
0,1,0,1,0,0,0,0,0,0,0,'пистолет'
0,0,0,1,0,0,0,0,0,0,0,'тряпьё'
0,-1,0,1,0,0,0,0,0,0,0,'масса'
0,1,0,1,0,0,0,0,0,0,0,'пробор'
0,0,0,1,0,0,0,0,0,0,0,'движение'
0,-1,0,6,0,0,0,0,0,0,0,'улица'
0,-1,0,1,0,0,0,0,0,0,0,'вещь'
0,0,0,1,0,0,0,0,0,0,0,'движение'
0,1,0,1,0,0,0,0,0,0,0,'вод'
0,0,0,1,0,0,0,0,0,0,0,'сани'
0,-1,0,1,0,0,0,0,0,0,0,'снежинка'
0,-1,0,1,0,0,0,0,0,0,0,'дорога'
0,-1,0,1,0,0,0,0,0,0,0,'еда'
0,0,0,1,0,0,0,0,0,0,0,'окно'
0,-1,0,3,0,0,0,0,0,0,0,'дорога'
0,1,0,2,0,0,0,0,0,0,0,'фокус'
0,-1,0,1,0,0,0,0,0,0,0,'дача'
0,1,0,1,0,0,0,0,0,0,0,'стол'
0,1,1,1,0,0,0,0,0,0,0,'красный'
0,-1,0,1,0,0,0,0,0,0,0,'губа'
0,-1,0,3,0,0,0,0,0,0,0,'морда'
0,-1,0,1,0,0,0,0,0,0,0,'грудь'
0,0,0,1,0,0,0,0,0,0,0,'красное'
0,-1,0,1,0,0,0,0,0,0,0,'фигурка'
0,0,0,1,0,0,0,0,0,0,0,'объятие'
0,1,0,2,1,0,0,0,0,0,0,'обруч'
0,-1,0,3,0,0,0,0,0,0,0,'улица'
0,1,0,1,0,0,0,0,0,0,0,'нерв'
0,-1,0,1,0,0,0,0,0,0,0,'шерсть'
0,1,0,1,0,0,0,0,0,0,0,'угол'
0,-1,0,1,0,0,0,0,0,0,0,'минутка'
0,-1,0,1,0,0,0,0,0,0,0,'морда'
0,-1,0,1,0,0,0,0,0,0,0,'детская'
0,1,0,3,0,0,0,0,0,0,0,'угол'
0,-1,0,1,0,0,0,0,0,0,0,'лапка'
0,0,0,1,0,0,0,0,0,0,0,'наследство'
0,-1,0,2,0,0,0,0,0,0,0,'комнатка'
0,1,1,1,1,0,0,1,0,0,0,'дядюшка'
0,-1,0,1,0,0,0,0,0,0,0,'грудь'
0,-1,0,3,0,0,0,0,0,0,0,'комнатка'
0,-1,0,1,0,0,0,0,0,0,0,'трубочка'
0,0,0,1,0,0,0,0,0,0,0,'шарканье'
0,0,0,1,0,0,0,0,0,0,0,'общество'
0,1,0,1,0,0,0,0,0,0,0,'урок'
0,1,1,1,0,0,0,0,0,0,0,'родственник'
0,-1,0,1,1,0,0,1,0,0,0,'лапка'
0,-1,0,1,0,0,0,0,0,0,0,'дверь'
0,-1,0,2,0,0,0,0,0,0,0,'лапка'
0,-1,0,1,0,0,0,0,0,0,0,'ниточка'
1,1,1,1,0,0,0,0,0,0,0,'голов'
0,-1,0,1,0,0,0,0,0,0,0,'глупость'
0,1,0,1,0,0,0,0,0,0,0,'картуз'
0,1,1,2,0,0,0,0,0,0,0,'человек'
0,1,0,1,0,0,0,0,0,0,0,'фонарик'
0,-1,0,1,0,0,0,0,0,0,0,'алчность'
1,1,1,10,0,0,0,0,0,0,0,'голов'
0,1,0,1,0,0,0,0,0,0,0,'образ'
0,1,1,1,2,0,0,1,0,1,0,'бедный'
0,-1,0,6,0,0,0,0,0,0,0,'комнатка'
1,1,1,2,0,0,0,0,0,0,0,'голов'
0,-1,1,1,1,0,0,0,0,0,0,'холера'
0,1,0,1,0,0,0,0,0,0,0,'волчок'
0,1,1,1,0,0,0,0,0,0,0,'кулак'
0,0,0,2,1,0,0,0,0,0,0,'ухо'
0,0,0,1,0,0,0,0,0,0,0,'доверие'
0,1,1,13,6,0,0,6,0,0,0,'незнакомец'
0,1,1,1,0,0,0,0,0,0,0,'субъект'
0,1,0,1,0,0,0,0,0,0,0,'выстрел'
0,1,0,1,0,0,0,0,0,0,0,'звон'
0,1,1,1,0,0,0,0,0,0,0,'друг'
0,1,0,1,1,0,0,0,0,0,0,'метаморфоз'
1,1,1,18,0,0,0,0,0,0,0,'иваныч'
0,0,0,1,0,0,0,0,0,0,0,'дело'
0,-1,1,7,6,0,0,6,0,0,0,'глава'
0,-1,0,1,0,0,0,0,0,0,0,'канава'
0,1,1,1,1,0,0,0,0,0,0,'рыжик'
0,1,0,1,0,0,0,0,0,0,0,'воздух'
0,1,0,1,0,0,0,0,0,0,0,'конец'
0,-1,0,1,0,0,0,0,0,0,0,'ель'
0,1,0,1,0,0,0,0,0,0,0,'велик'
0,1,0,1,0,0,0,0,0,0,0,'след'
0,1,0,1,0,0,0,0,0,0,0,'потолок'
0,0,0,1,0,0,0,0,0,0,0,'волнение'
0,1,0,1,0,0,0,0,0,0,0,'желудок'
0,-1,0,1,0,0,0,0,0,0,0,'стамеска'
0,-1,0,1,0,0,0,0,0,0,0,'шея'
0,1,0,1,0,0,0,0,0,0,0,'вечер'
0,0,0,12,5,0,0,5,0,0,0,'раз'
0,-1,0,1,0,0,0,0,0,0,0,'нота'
0,1,0,1,0,0,0,0,0,0,0,'магазин'
0,-1,1,1,1,0,0,0,0,0,0,'лисица'
0,-1,0,1,0,0,0,0,0,0,0,'толпа'
0,0,0,1,0,0,0,0,0,0,0,'ожидание'
0,-1,0,1,0,0,0,0,0,0,0,'голодуха'
0,1,0,1,0,0,0,0,0,0,0,'стол'
0,0,0,1,0,0,0,0,0,0,0,'слово'
0,1,1,2,0,0,0,0,0,0,0,'человек'
0,1,0,1,0,0,0,0,0,0,0,'пол'
0,-1,0,1,0,0,0,0,0,0,0,'шутка'
0,1,0,1,0,0,0,0,0,0,0,'дом'
0,1,0,1,0,0,0,0,0,0,0,'песок'
0,1,0,1,0,0,0,0,0,0,0,'табурет'
0,-1,1,1,0,0,0,0,0,0,0,'лисица'
0,-1,0,1,0,0,0,0,0,0,0,'стружка'
0,1,0,1,0,0,0,0,0,0,0,'нос'
0,0,0,6,0,0,0,0,0,0,0,'тем'
0,1,0,3,0,0,0,0,0,0,0,'пол'
0,1,0,1,0,0,0,0,0,0,0,'полк'
0,-1,0,1,1,0,0,1,0,0,0,'куча'
0,1,0,1,0,0,0,0,0,0,0,'пол'
0,1,0,4,0,0,0,0,0,0,0,'дом'
0,1,0,8,0,0,0,0,0,0,0,'глаз'
0,1,0,1,0,0,0,0,0,0,0,'знак'
0,-1,0,1,0,0,0,0,0,0,0,'музыка'
0,1,0,1,1,0,0,0,0,0,0,'пол'
0,1,0,4,0,0,0,0,0,0,0,'нос'
0,-1,0,2,0,0,0,0,0,0,0,'лохань'
0,1,0,1,0,0,0,0,0,0,0,'ус'
0,-1,0,1,1,0,0,1,0,0,0,'работа'
0,1,1,2,2,0,0,1,0,0,0,'человек'
0,0,0,1,0,0,0,0,0,0,0,'уважение'
0,-1,0,1,0,0,0,0,0,0,0,'речь'
0,1,0,1,0,0,0,0,0,0,0,'глаз'
0,0,0,1,0,0,0,0,0,0,0,'кресло'
0,-1,0,1,0,0,0,0,0,0,0,'улыбка'
0,-1,0,1,0,0,0,0,0,0,0,'особенность'
0,1,0,2,0,0,0,0,0,0,0,'верстак'
0,-1,0,1,0,0,0,0,0,0,0,'расстановка'
0,1,0,3,1,0,0,1,0,0,0,'табурет'
0,0,0,1,0,0,0,0,0,0,0,'зеркало'
0,1,1,2,0,0,0,0,0,0,0,'плотник'
0,1,0,1,0,0,0,0,0,0,0,'вид'
0,1,0,1,0,0,0,0,0,0,0,'шум'
0,0,0,1,0,0,0,0,0,0,0,'решето'
0,1,0,1,0,0,0,0,0,0,0,'потолок'
0,1,0,2,0,0,0,0,0,0,0,'верх'
0,1,0,1,0,0,0,0,0,0,0,'фонарь'
0,-1,0,1,0,0,0,0,0,0,0,'наука'
0,0,1,1,0,0,0,0,0,0,0,'пугало'
0,0,0,1,0,0,0,0,0,0,0,'движение'
0,1,0,1,0,0,0,0,0,0,0,'стул'
0,0,0,1,0,0,0,0,0,0,0,'бельмо'
0,-1,0,1,0,0,0,0,0,0,0,'дыба'
0,1,0,1,0,0,0,0,0,0,0,'обед'
1,-1,1,1,0,0,0,0,0,0,0,'толстая'
0,-1,0,1,0,0,0,0,0,0,0,'перегородка'
0,1,0,1,0,0,0,0,0,0,0,'стул'
1,-1,1,15,0,0,0,0,0,0,0,'федора'
0,1,1,40,22,0,0,20,0,0,0,'хозяин'
0,-1,0,2,0,0,0,0,0,0,0,'музыка'
0,1,0,1,0,0,0,0,0,0,0,'смех'
0,1,0,2,0,0,0,0,0,0,0,'кусочек'
0,-1,0,2,0,0,0,0,0,0,0,'корка'
0,1,0,1,0,0,0,0,0,0,0,'тротуар'
0,-1,0,3,1,0,0,1,0,0,0,'музыка'
0,-1,0,2,0,0,0,0,0,0,0,'поза'
0,1,0,1,0,0,0,0,0,0,0,'стук'
0,1,0,1,1,0,0,0,0,0,0,'бич'
0,1,0,3,0,0,0,0,0,0,0,'хвост'
0,-1,0,1,0,0,0,0,0,0,0,'бездна'
0,1,0,1,0,0,0,0,0,0,0,'реверанс'
0,1,0,2,0,0,0,0,0,0,0,'раз'
0,-1,0,1,0,0,0,0,0,0,0,'квартира'
0,-1,0,3,0,0,0,0,0,0,0,'нога'
0,-1,0,1,0,0,0,0,0,0,0,'справедливость'
0,1,0,1,0,0,0,0,0,0,0,'вагон'
0,0,1,1,0,0,0,0,0,0,0,'чудовище'
0,-1,1,2,0,0,0,0,0,0,0,'такса'
0,0,0,1,0,0,0,0,0,0,0,'зеркало'
0,0,0,2,0,0,0,0,0,0,0,'право'
0,1,0,3,0,0,0,0,0,0,0,'клей'
0,1,0,1,0,0,0,0,0,0,0,'угол'
0,0,0,1,1,0,0,0,0,0,0,'тепёл'
0,1,0,2,0,0,0,0,0,0,0,'раз'
0,-1,0,2,0,0,0,0,0,0,0,'сигара'
0,-1,1,1,0,0,0,0,0,0,0,'лошадь'
0,-1,1,5,0,0,0,0,0,0,0,'собака'
0,-1,0,2,0,0,0,0,0,0,0,'квартира'
0,0,0,2,0,0,0,0,0,0,0,'временю'
0,0,0,1,0,0,0,0,0,0,0,'право'
0,-1,0,1,0,0,0,0,0,0,0,'волна'
0,-1,1,3,3,0,0,1,0,0,0,'собака'
0,1,0,1,0,0,0,0,0,0,0,'фокус'
0,1,0,1,0,0,0,0,0,0,0,'звон'
0,0,0,2,1,0,0,0,0,0,0,'панталоны'
0,1,1,1,0,0,0,0,0,0,0,'язык'
0,1,0,1,0,0,0,0,0,0,0,'двор'
0,-1,1,1,0,0,0,0,0,0,0,'звезда'
0,1,0,1,0,0,0,0,0,0,0,'сахар'
0,1,1,1,0,0,0,0,0,0,0,'извозчик'
0,1,1,2,0,0,0,0,0,0,0,'хозяин'
0,1,0,1,0,0,0,0,0,0,0,'пистолет'
0,1,0,1,0,0,0,0,0,0,0,'выстрел'
0,-1,0,1,0,0,0,0,0,0,0,'калоша'
0,-1,0,1,0,0,0,0,0,0,0,'вещь'
0,1,0,1,0,0,0,0,0,0,0,'диван'
0,1,1,16,14,0,0,11,0,0,0,'гусь'
0,1,0,3,2,1,0,1,0,0,0,'запах'
0,1,1,2,0,0,0,0,0,0,0,'гусь'
0,1,1,10,0,0,0,0,0,0,0,'гусь'
0,0,0,1,0,0,0,0,0,0,0,'аплодисменты'
0,1,0,1,0,0,0,0,0,0,0,'хвост'
0,-1,0,1,0,0,0,0,0,0,0,'рука'
0,1,0,1,0,0,0,0,0,0,0,'фрак'
0,0,0,1,0,0,0,0,0,0,0,'кресло'
0,1,0,1,0,0,0,0,0,0,0,'спой'
0,1,1,1,0,0,0,0,0,0,0,'пудель'
0,-1,0,6,0,0,0,0,0,0,0,'рука'
0,0,0,1,0,0,0,0,0,0,0,'обои'
0,-1,0,1,0,0,0,0,0,0,0,'рука'
0,-1,0,1,0,0,0,0,0,0,0,'прыть'
0,1,1,1,0,0,0,0,0,0,0,'болтун'
0,0,0,1,1,0,0,1,0,0,0,'местечко'
0,1,0,2,0,0,0,0,0,0,0,'голос'
1,1,1,1,0,0,0,0,0,0,0,'том'
0,1,0,1,0,0,0,0,0,0,0,'тон'
1,-1,1,1,0,0,0,0,0,0,0,'ивановна'
0,0,0,3,0,0,0,0,0,0,0,'село'
0,1,0,5,2,0,0,2,0,0,0,'глаз'
0,1,0,1,1,0,0,0,0,0,0,'верстак'
0,1,0,2,0,0,0,0,0,0,0,'стол'
0,-1,0,1,0,0,0,0,0,0,0,'шапка'
0,1,0,3,0,0,0,0,0,0,0,'чемодан'
0,0,0,2,0,0,0,0,0,0,0,'передний'
0,1,0,2,0,0,0,0,0,0,0,'чемодан'
0,0,0,1,1,0,0,0,0,0,0,'плечо'
0,1,0,1,0,0,0,0,0,0,0,'палец'
0,-1,0,1,0,0,0,0,0,0,0,'шапка'
0,-1,0,1,0,0,0,0,0,0,0,'истома'
0,-1,0,2,0,0,0,0,0,0,0,'кровать'
0,1,0,3,14,0,0,14,0,0,0,'пот'
0,1,0,2,0,0,0,0,0,0,0,'голос'
0,1,1,1,2,0,0,0,0,0,0,'бог'
1,-1,1,1,0,0,0,0,0,0,0,'ивановна'
0,-1,0,1,0,0,0,0,0,0,0,'стенка'
0,-1,0,1,0,0,0,0,0,0,0,'кровать'
0,1,1,1,2,0,0,2,0,0,0,'заказчик'
0,0,0,1,0,0,0,0,0,0,0,'предчувствие'
0,-1,0,1,0,0,0,0,0,0,0,'тревога'
0,-1,0,1,0,0,0,0,0,0,0,'тысяча'
0,1,0,1,0,0,0,0,0,0,0,'голод'
0,0,0,1,4,0,0,4,0,0,0,'уж'
0,0,0,1,0,0,0,0,0,0,0,'встретил'
0,-1,0,1,0,0,0,0,0,0,0,'физиономия'
0,1,0,2,1,0,0,1,0,0,0,'голос'
0,1,0,1,0,0,0,0,0,0,0,'ковёр'
0,1,0,2,0,0,0,0,0,0,0,'зуб'
0,1,0,1,0,0,0,0,0,0,0,'холод'
1,1,1,6,0,0,0,0,0,0,0,'иван'
0,0,0,1,0,0,0,0,0,0,0,'присутствие'
0,1,1,1,0,0,0,0,0,0,0,'господин'
0,-1,1,1,0,0,0,0,0,0,0,'блоха'
0,-1,0,2,0,0,0,0,0,0,0,'драка'
0,1,0,1,0,0,0,0,0,0,0,'ярус'
0,-1,0,1,0,0,0,0,0,0,0,'кость'
0,0,0,1,0,0,0,0,0,0,0,'пренебрежение'
0,-1,0,1,0,0,0,0,0,0,0,'кличка'
0,1,0,1,0,0,0,0,0,0,0,'колокол'
0,-1,0,1,0,0,0,0,0,0,0,'втора'
0,-1,0,1,0,0,0,0,0,0,0,'свеча'
0,-1,0,1,0,0,0,0,0,0,0,'капелька'
0,0,0,1,0,0,0,0,0,0,0,'впечатление'
0,-1,0,2,0,0,0,0,0,0,0,'лапа'
0,0,0,1,0,0,0,0,0,0,0,'одеяло'
0,0,0,1,0,0,0,0,0,0,0,'поведение'
0,1,1,2,0,0,0,0,0,0,0,'рот'
0,0,0,1,0,0,0,0,0,0,0,'сомнение'
0,-1,1,2,0,0,0,0,0,0,0,'старуха'
0,0,0,1,0,0,0,0,0,0,0,'одолжение'
0,1,0,1,0,0,0,0,0,0,0,'чулок'
0,1,1,1,0,0,0,0,0,0,0,'пудель'
0,1,0,1,0,0,0,0,0,0,0,'успех'
0,0,0,1,0,0,0,0,0,0,0,'умиление'
0,1,0,2,0,0,0,0,0,0,0,'табурет'
0,0,0,1,2,0,0,0,0,0,0,'вешу'
0,-1,0,2,0,0,0,0,0,0,0,'лампа'
0,1,1,1,0,0,0,0,0,0,0,'живот'
0,-1,0,1,0,0,0,0,0,0,0,'травка'
0,0,0,1,0,0,0,0,0,0,0,'воспоминание'
0,0,0,1,1,0,0,1,0,0,0,'знакомство'
0,1,0,1,0,0,0,0,0,0,0,'стен'
0,0,0,29,28,0,0,30,0,0,0,'а'
0,1,0,4,0,0,0,0,0,0,0,'тут'
0,0,0,1,0,0,0,0,0,0,0,'ж'
0,-1,0,2,0,0,0,0,0,0,0,'утроба'
0,1,1,9,0,0,0,0,0,0,0,'незнакомец'
0,-1,0,1,0,0,0,0,0,0,0,'жизнь'
0,-1,0,3,0,0,0,0,0,0,0,'фигура'
0,0,0,403,56,0,0,69,0,0,0,'и'
0,1,0,1,0,0,0,0,0,0,0,'столик'
0,0,0,1,0,0,0,0,0,0,0,'ворчание'
0,-1,0,1,0,0,0,0,0,0,0,'лампа'
-1,1,0,7,1,0,0,0,0,0,0,'п'
0,0,0,2,0,0,0,0,0,0,0,'знакомство'
0,1,0,1,0,0,0,0,0,0,0,'запах'
0,-1,0,2,0,0,0,0,0,0,0,'стена'
0,0,0,1,0,0,0,0,0,0,0,'исполнение'
0,0,0,2,1,1,0,1,0,0,0,'дело'
0,-1,0,1,0,0,0,0,0,0,0,'земля'
0,1,1,1,0,0,0,0,0,0,0,'чижик'
0,0,0,8,5,0,0,6,0,0,0,'я'
0,0,0,1,0,0,0,0,0,0,0,'утомление'
0,1,0,2,0,0,0,0,0,0,0,'страх'
0,0,0,1,1,0,0,1,0,0,0,'утомление'
0,1,1,2,0,0,0,0,0,0,0,'бог'
0,1,0,1,0,0,0,0,0,0,0,'вихор'
0,1,0,2,1,0,0,1,0,0,0,'мир'
0,1,0,1,0,0,0,0,0,0,0,'сапог'
0,-1,0,1,0,0,0,0,0,0,0,'кожица'
0,-1,0,1,0,0,0,0,0,0,0,'дремота'
0,0,0,1,0,0,0,0,0,0,0,'пятернее'
0,1,0,1,0,0,0,0,0,0,0,'сыр'
0,-1,0,1,0,0,0,0,0,0,0,'занавеска'
0,-1,0,2,0,0,0,0,0,0,0,'стружка'
0,0,0,8,0,0,0,0,0,0,0,'время'
0,-1,1,1,0,0,0,0,0,0,0,'маленькая'
0,-1,0,1,0,0,0,0,0,0,0,'дверь'
0,0,0,2,0,0,0,0,0,0,0,'холодное'
0,1,0,1,0,0,0,0,0,0,0,'страх'
0,0,0,1,0,0,0,0,0,0,0,'второе'
0,-1,1,1,0,0,0,0,0,0,0,'жила'
0,1,0,3,2,0,0,2,0,0,0,'обед'
0,1,0,1,0,0,0,0,0,0,0,'урок'
0,-1,0,1,0,0,0,0,0,0,0,'подмышка'
0,0,0,1,0,0,0,0,0,0,0,'новое'
0,0,0,1,0,0,0,0,0,0,0,'дрожание'
0,-1,0,1,0,0,0,0,0,0,0,'гостиная'
0,0,0,2,0,0,0,0,0,0,0,'новое'
0,1,1,1,0,0,0,0,0,0,0,'рот'
0,1,1,1,0,0,0,0,0,0,0,'пьяный'
0,0,0,1,0,0,0,0,0,0,0,'ухо'
0,1,0,1,0,0,0,0,0,0,0,'свисток'
0,1,0,1,0,0,0,0,0,0,0,'подъезд'
0,-1,0,1,0,0,0,0,0,0,0,'рука'
0,1,0,2,2,0,0,2,0,0,0,'час'
0,1,0,2,0,0,0,0,0,0,0,'горох'
0,0,0,1,0,0,0,0,0,0,0,'учение'
0,1,1,1,0,0,0,0,0,0,0,'рот'
0,0,0,2,0,0,0,0,0,0,0,'чужое'
0,-1,0,1,0,0,0,0,0,0,0,'галерея'
0,-1,0,1,0,0,0,0,0,0,0,'репетиция'
0,-1,0,1,0,0,0,0,0,0,0,'весна'
0,1,1,1,0,0,0,0,0,0,0,'сапожник'
0,1,0,2,0,0,0,0,0,0,0,'подъезд'
0,-1,0,1,0,0,0,0,0,0,0,'ресница'
0,1,0,1,0,0,0,0,0,0,0,'запах'
0,1,0,1,0,0,0,0,0,0,0,'чай'
0,0,0,2,0,0,0,0,0,0,0,'полчаса'
0,-1,0,1,0,0,0,0,0,0,0,'лапка'
0,0,0,2,0,0,0,0,0,0,0,'мыслю'
0,1,0,1,0,0,0,0,0,0,0,'вокзал'
0,1,1,1,0,0,0,0,0,0,0,'сын'
0,-1,0,1,0,0,0,0,0,0,0,'корочка'
0,1,0,1,0,0,0,0,0,0,0,'визг'
0,1,0,5,0,0,0,0,0,0,0,'матрасик'
0,-1,0,1,0,0,0,0,0,0,0,'дуга'
0,1,0,2,0,0,0,0,0,0,0,'цилиндр'
0,1,1,1,0,0,0,0,0,0,0,'человек'
0,-1,0,1,0,0,0,0,0,0,0,'гостиная'
0,1,0,2,0,0,0,0,0,0,0,'грех'
0,1,0,3,1,1,0,1,0,0,0,'надел'
0,1,1,1,0,0,0,0,0,0,0,'солдат'
0,1,0,2,0,0,0,0,0,0,0,'клюв'
0,1,0,1,0,0,0,0,0,0,0,'верх'
0,1,0,1,0,0,0,0,0,0,0,'матрасик'
0,1,0,1,0,0,0,0,0,0,0,'ус'
0,1,0,7,0,0,0,0,0,0,0,'спин'
0,-1,0,1,0,0,0,0,0,0,0,'пила'
0,1,0,3,0,0,0,0,0,0,0,'спин'
0,-1,0,1,1,0,0,1,0,0,0,'кожа'
0,1,0,4,0,0,0,0,0,0,0,'спин'
0,1,0,1,0,0,0,0,0,0,0,'ужас'
0,-1,0,2,0,0,0,0,0,0,0,'рука'
0,1,1,5,0,0,0,0,0,0,0,'столяр'
0,1,0,1,0,0,0,0,0,0,0,'обруч'
0,1,1,1,0,0,0,0,0,0,0,'человек'
0,-1,0,1,0,0,0,0,0,0,0,'рука'
0,0,0,1,0,0,0,0,0,0,0,'преимущество'
0,-1,0,1,0,0,0,0,0,0,0,'лапка'
0,1,0,2,0,0,0,0,0,0,0,'ситец'
0,-1,0,1,0,0,0,0,0,0,0,'смерть'
0,1,0,3,0,0,0,0,0,0,0,'восторг'
0,0,1,1,0,0,0,0,0,0,0,'лицо'
0,1,0,1,0,0,0,0,0,0,0,'полон'
0,0,1,4,4,0,0,1,0,0,0,'лицо'
0,0,0,1,0,0,0,0,0,0,0,'имя'
0,0,0,1,1,0,0,1,0,0,0,'зато'
0,0,1,2,0,0,0,0,0,0,0,'лицо'
0,1,1,3,0,0,0,0,0,0,0,'заказчик'
0,1,0,4,1,0,0,1,0,0,0,'крик'
0,-1,1,1,0,0,0,0,0,0,0,'маленькая'
0,0,1,1,1,0,0,1,0,1,0,'животное'
0,0,1,5,0,0,0,0,0,0,0,'лицо'
0,1,0,2,0,0,0,0,0,0,0,'котор'
0,1,0,6,0,0,0,0,0,0,0,'лай'
0,1,0,2,1,0,0,1,0,0,0,'фокус'
0,0,0,1,0,0,0,0,0,0,0,'временами'
0,-1,0,2,0,0,0,0,0,0,0,'мебель'
1,1,1,1,1,0,0,0,0,0,0,'жорж'
0,1,0,1,0,0,0,0,0,0,0,'обед'
0,-1,0,1,0,0,0,0,0,0,0,'стрельба'
0,1,1,1,0,0,0,0,0,0,0,'хозяин'
0,1,0,1,0,0,0,0,0,0,0,'лук'
0,0,0,1,0,0,0,0,0,0,0,'отчаяние'
0,-1,1,1,0,0,0,0,0,0,0,'собака'
0,-1,0,1,0,0,0,0,0,0,0,'горошинка'
0,-1,0,1,0,0,0,0,0,0,0,'перекладина'
0,1,0,5,0,0,0,0,0,0,0,'клюв'
0,-1,0,2,0,0,0,0,0,0,0,'нога'
0,-1,1,1,0,0,0,0,0,0,0,'старуха'
0,1,0,1,0,0,0,0,0,0,0,'лук'
0,0,0,1,0,0,0,0,0,0,0,'скрип'
0,1,0,1,0,0,0,0,0,0,0,'обед'
0,1,0,3,0,0,0,0,0,0,0,'лук'
0,-1,0,1,0,0,0,0,0,0,0,'краска'
0,1,0,1,0,0,0,0,0,0,0,'предмет'
0,-1,0,1,0,0,0,0,0,0,0,'езда'
0,1,0,2,0,0,0,0,0,0,0,'ряд'
0,1,0,1,0,0,0,0,0,0,0,'цвет'
0,0,0,1,1,0,0,1,0,0,0,'прыганье'
0,1,1,9,6,0,0,6,0,0,0,'кот'
0,-1,0,1,0,0,0,0,0,0,0,'туфля'
0,1,1,1,1,0,0,0,0,0,0,'брат'
0,1,0,1,0,0,0,0,0,0,0,'прилавок'
0,-1,0,1,0,0,0,0,0,0,0,'буква'
0,-1,0,1,0,0,0,0,0,0,0,'судьба'
0,1,0,1,1,0,0,0,0,0,0,'диван'
0,1,0,3,0,0,0,0,0,0,0,'колокол'
0,-1,1,1,0,0,0,0,0,0,0,'сестра'
1,-1,1,2,0,0,0,0,0,0,0,'бела'
0,-1,0,1,0,0,0,0,0,0,0,'тоска'
0,-1,1,1,0,0,0,0,0,0,0,'соседка'
0,1,0,1,0,0,0,0,0,0,0,'опыт'
0,0,0,2,0,0,0,0,0,0,0,'новое'
0,1,0,1,0,0,0,0,0,0,0,'полк'
0,1,1,7,7,0,0,6,0,0,0,'столяр'
0,-1,1,2,0,0,0,0,0,0,0,'свинья'
0,-1,0,1,0,0,0,0,0,0,0,'земля'
0,0,0,2,2,2,0,2,0,0,0,'начало'
0,-1,0,1,0,0,0,0,0,0,0,'вонь'
0,-1,0,1,0,0,0,0,0,0,0,'затея'
0,-1,0,1,0,0,0,0,0,0,0,'мебель'
0,-1,0,2,0,0,0,0,0,0,0,'жадность'
0,0,0,2,0,0,0,0,0,0,0,'пылю'
0,0,0,2,0,0,0,0,0,0,0,'первое'
0,-1,0,2,0,0,0,0,0,0,0,'ночь'
0,-1,1,5,2,0,0,1,0,0,0,'свинья'
0,1,1,1,0,0,0,0,0,0,0,'живот'
0,-1,0,1,0,0,0,0,0,0,0,'сигара'
0,-1,1,1,0,0,0,0,0,0,0,'свинья'
0,1,0,2,0,0,0,0,0,0,0,'дом'
0,1,1,1,0,0,0,0,0,0,0,'человечек'
0,1,0,1,0,0,0,0,0,0,0,'разряд'
0,-1,0,1,0,0,0,0,0,0,0,'штука'
0,1,0,1,0,0,0,0,0,0,0,'стул'
0,1,0,1,0,0,0,0,0,0,0,'вопрос'
0,-1,0,1,0,0,0,0,0,0,0,'ува'
0,0,1,1,0,0,0,0,0,0,0,'лицо'
0,-1,0,1,0,0,0,0,0,0,0,'штука'
0,-1,1,1,0,0,0,0,0,0,0,'свинья'
0,0,0,1,1,0,0,0,0,0,0,'имя'
0,1,0,1,0,0,0,0,0,0,0,'ответ'
0,0,0,1,0,0,0,0,0,0,0,'тело'
0,1,1,1,0,0,0,0,0,0,0,'язык'
0,1,0,1,0,0,0,0,0,0,0,'рукомойник'
0,0,0,2,0,0,0,0,0,0,0,'шерстим'
0,1,0,1,0,0,0,0,0,0,0,'крик'
0,0,0,1,0,0,0,0,0,0,0,'удивление'
0,0,0,1,0,0,0,0,0,0,0,'удивление'
0,1,0,1,0,0,0,0,0,0,0,'крик'
0,-1,0,1,0,0,0,0,0,0,0,'жилетка'
0,1,0,1,0,0,0,0,0,0,0,'песок'
0,-1,0,1,0,0,0,0,0,0,0,'публика'
0,1,0,4,0,0,0,0,0,0,0,'сарайчик'
1,1,1,1,0,0,0,0,0,0,0,'толстой'
0,1,0,1,1,0,0,1,0,0,0,'смех'
0,1,0,6,2,0,0,1,0,0,0,'матрасик'
0,1,0,1,0,0,0,0,0,0,0,'вечер'
0,1,0,1,0,0,0,0,0,0,0,'рассвет'
0,-1,0,2,1,0,0,1,0,0,0,'публика'
0,-1,0,1,0,0,0,0,0,0,0,'пирамида'
0,0,0,1,0,0,0,0,0,0,0,'впечатление'
0,-1,0,1,0,0,0,0,0,0,0,'шерсть'
0,1,0,1,0,0,0,0,0,0,0,'курок'
1,-1,1,1,1,0,0,0,0,0,0,'хавронья'
0,0,1,1,0,0,0,0,0,0,0,'существо'
1,-1,1,1,0,0,0,0,0,0,0,'хавронья'
0,-1,0,1,0,0,0,0,0,0,0,'тысяча'
0,-1,0,1,0,0,0,0,0,0,0,'охота'
0,-1,1,1,0,0,0,0,0,0,0,'мышка'
0,-1,0,1,0,0,0,0,0,0,0,'геенна'
0,1,1,2,0,0,0,0,0,0,0,'учитель'
0,0,0,1,1,0,0,1,0,0,0,'сани'
0,-1,0,2,0,0,0,0,0,0,0,'свеча'
0,0,0,2,0,0,0,0,0,0,0,'мгновение'
0,1,0,2,1,0,0,0,0,0,0,'месяц'
0,-1,0,1,0,0,0,0,0,0,0,'лука'
0,-1,0,1,0,0,0,0,0,0,0,'грандиозность'
0,1,0,1,0,0,0,0,0,0,0,'замок'
0,1,0,1,1,0,0,0,0,0,0,'цирк'
0,0,0,1,0,0,0,0,0,0,0,'правило'
0,1,0,1,0,0,0,0,0,0,0,'кнут'
0,1,0,4,0,0,0,0,0,0,0,'чемодан'
0,0,0,1,1,0,0,1,0,0,0,'одеяло'
0,0,0,2,0,0,0,0,0,0,0,'воображение'
0,1,0,2,2,0,0,2,0,0,0,'снег'
0,1,0,2,0,0,0,0,0,0,0,'душ'
0,0,0,2,0,0,0,0,0,0,0,'окно'
0,1,0,1,0,0,0,0,0,0,0,'карман'
0,1,0,1,0,0,0,0,0,0,0,'душ'
0,1,1,1,0,0,0,0,0,0,0,'ювелир'
0,0,0,1,0,0,0,0,0,0,0,'плача'
0,1,1,17,0,0,0,1,0,0,0,'уж'
0,1,0,2,0,0,0,0,0,0,0,'барьер'
0,0,0,4,0,0,0,0,0,0,0,'того'
0,-1,1,1,0,0,0,0,0,0,0,'шуба'
0,0,0,1,0,0,0,0,0,0,0,'наслаждение'
0,-1,1,3,0,0,0,0,0,0,0,'шуба'
0,0,0,1,0,0,0,0,0,0,0,'объятие'
0,1,0,1,2,0,0,0,0,0,0,'свет'
0,1,0,1,0,0,0,0,0,0,0,'конец'
0,1,0,1,0,0,0,0,0,0,0,'порог'
0,0,0,1,0,0,0,0,0,0,0,'дыхание'
0,-1,0,1,0,0,0,0,0,0,0,'церемония'
0,1,0,1,0,0,0,0,0,0,0,'великий'
0,-1,1,4,0,0,0,0,0,0,0,'шуба'
0,-1,1,1,0,0,0,0,0,0,0,'скулила'
0,-1,1,1,0,0,0,0,0,0,0,'шуба'
0,0,0,1,1,0,0,1,0,0,0,'куда'
0,-1,0,1,0,0,0,0,0,0,0,'нотка'
0,0,1,2,0,0,0,0,0,0,0,'лицо'
0,-1,1,1,0,0,0,0,0,0,0,'сестра'
0,1,0,3,0,0,0,0,0,0,0,'ворот'
0,0,0,1,0,0,0,0,0,0,0,'долото'
0,-1,0,2,0,0,0,0,0,0,0,'лапа'
0,0,0,1,0,0,0,0,0,0,0,'утро'
0,1,0,18,0,0,0,0,0,0,0,'пот'
1,1,1,6,0,0,0,0,0,0,0,'иваныч'
0,1,0,1,0,0,0,0,0,0,0,'замочек'
0,-1,1,1,0,0,0,0,0,0,0,'лошадь'
0,-1,0,1,1,0,0,1,0,0,0,'клетка'
0,1,0,1,0,0,0,0,0,0,0,'час'
0,1,0,1,0,0,0,0,0,0,0,'хлеб'
0,-1,0,3,0,0,0,0,0,0,0,'дверь'
0,0,0,1,1,0,0,0,0,0,0,'утро'
0,1,0,1,0,0,0,0,0,0,0,'пар'
0,1,0,1,0,0,0,0,0,0,0,'рубанок'
0,1,0,1,0,0,0,0,0,0,0,'брильянт'
0,-1,0,1,0,0,0,0,0,0,0,'лапка'
0,1,0,1,0,0,0,0,0,0,0,'дебют'
0,-1,0,1,0,0,0,0,0,0,0,'мостовая'
0,1,0,1,0,0,0,0,0,0,0,'клейстер'
1,1,1,1,0,0,0,0,0,0,0,'байков'
0,0,0,1,1,0,0,1,0,0,0,'человечество'
0,-1,1,1,0,0,0,0,0,0,0,'лошадь'
0,-1,0,1,0,0,0,0,0,0,0,'морда'
0,1,0,2,0,0,0,0,0,0,0,'крик'
0,1,0,5,0,0,0,0,0,0,0,'вид'
0,-1,0,1,0,0,0,0,0,0,0,'невозмутимость'
0,-1,0,2,0,0,0,0,0,0,0,'рожа'
0,-1,0,2,2,0,0,2,0,0,0,'рожа'
0,-1,0,1,0,0,0,0,0,0,0,'тирада'
0,0,0,1,0,0,0,0,0,0,0,'горячее'
0,1,1,1,0,0,0,0,0,0,0,'пёс'
0,1,0,1,0,0,0,0,0,0,0,'курю'
0,0,0,1,0,0,0,0,0,0,0,'масло'
0,1,0,1,0,0,0,0,0,0,0,'супник'
0,1,1,2,0,0,0,0,0,0,0,'урка'
0,-1,0,1,0,0,0,0,0,0,0,'спальня'
0,1,0,2,0,0,0,0,0,0,0,'трактир'
0,-1,0,1,0,0,0,0,0,0,0,'острота'
0,1,1,1,0,0,0,0,0,0,0,'друг'
0,1,0,3,0,0,0,0,0,0,0,'день'
0,-1,0,1,1,0,0,1,0,0,0,'шире'
0,-1,0,1,0,0,0,0,0,0,0,'ложа'
0,-1,0,1,0,0,0,0,0,0,0,'сторона'
0,0,0,1,0,0,0,0,0,0,0,'любопытство'
0,-1,0,6,0,0,0,0,0,0,0,'быль'
0,-1,0,6,2,0,0,1,0,0,0,'дверь'
0,-1,0,2,0,0,0,0,0,0,0,'спальня'
0,1,0,1,0,0,0,0,0,0,0,'костюм'
0,1,0,1,0,0,0,0,0,0,0,'пятачок'
0,-1,0,4,0,0,0,0,0,0,0,'лапа'
0,1,0,1,0,0,0,0,0,0,0,'трактир'
0,0,0,1,0,0,0,0,0,0,0,'родил'
0,-1,0,1,0,0,0,0,0,0,0,'губа'
0,1,0,1,1,0,0,1,0,0,0,'подъезд'
-1,0,0,1,0,0,0,0,0,0,0,'имя'
0,1,0,1,0,0,0,0,0,0,0,'род'
0,-1,0,1,0,0,0,0,0,0,0,'обстановка'
0,-1,0,1,1,0,0,0,0,0,0,'кость'
0,1,0,1,0,0,0,0,0,0,0,'грош'
0,-1,0,1,0,0,0,0,0,0,0,'паутина'
0,-1,0,1,0,0,0,0,0,0,0,'форма'
0,-1,0,1,0,0,0,0,0,0,0,'темь'
0,0,1,1,1,0,0,1,0,0,0,'насекомое'
0,-1,0,3,0,0,0,0,0,0,0,'нога'
0,1,1,2,1,0,0,0,0,0,0,'дворник'
0,0,0,1,0,0,0,0,0,0,0,'гусем'
0,-1,0,1,0,0,0,0,0,0,0,'паутина'
0,-1,1,1,0,0,0,0,0,0,0,'дворняжка'
0,1,1,1,1,0,0,1,0,0,0,'товарищ'
0,1,0,1,0,0,0,0,0,0,0,'дом'
0,0,0,2,0,0,0,0,0,0,0,'мясо'
0,1,0,2,0,0,0,0,0,0,0,'восторг'
0,0,0,1,0,0,0,0,0,0,0,'белые'
0,1,0,2,0,0,0,0,0,0,0,'ворот'
0,1,0,2,0,0,0,0,0,0,0,'звук'
0,1,0,1,0,0,0,0,0,0,0,'рог'
0,1,0,2,0,0,0,0,0,0,0,'стен'
0,0,0,1,0,0,0,0,0,0,0,'тело'
0,1,1,1,0,0,0,0,0,0,0,'вор'
0,1,1,1,0,0,0,0,0,0,0,'сожитель'
0,1,0,2,0,0,0,0,0,0,0,'глаз'
0,1,0,1,0,0,0,0,0,0,0,'стен'
0,-1,0,2,0,0,0,0,0,0,0,'комната'
1,-1,1,7,12,0,0,1,0,0,0,'федора'
0,1,0,2,0,0,0,0,0,0,0,'глаз'
0,-1,0,2,0,0,0,0,0,0,0,'сторона'
0,1,1,1,0,0,0,0,0,0,0,'чудак'
0,1,0,2,0,0,0,0,0,0,0,'халат'
0,1,1,12,0,0,0,0,0,0,0,'хозяин'
0,0,0,1,0,0,0,0,0,0,0,'искусство'
0,1,0,1,1,0,0,0,0,0,0,'постой'
0,0,0,1,0,0,0,0,0,0,0,'бельё'
0,-1,0,2,0,0,0,0,0,0,0,'черта'
0,1,0,1,0,0,0,0,0,0,0,'платок'
0,0,0,4,0,0,0,0,0,0,0,'крыло'
0,-1,1,2,0,0,0,0,0,0,0,'дворняжка'
0,0,0,3,1,0,0,1,0,0,0,'ли'
0,-1,1,1,0,0,0,0,0,0,0,'артистка'
1,-1,1,1,0,0,0,0,0,0,0,'федора'
0,0,0,2,0,0,0,0,0,0,0,'вон'
0,-1,0,5,0,0,0,0,0,0,0,'комната'
0,0,0,2,0,0,0,0,0,0,0,'страх'
0,1,0,3,0,0,0,0,0,0,0,'ужас'
0,1,0,1,0,0,0,0,0,0,0,'случай'
0,1,0,1,0,0,0,0,0,0,0,'случай'
0,1,0,1,0,0,0,0,0,0,0,'фонарь'
0,-1,0,2,0,0,0,0,0,0,0,'искорка'
0,-1,0,1,0,0,0,0,0,0,0,'икра'
0,0,0,1,0,0,0,0,0,0,0,'блюдечко'
0,-1,0,1,0,0,0,0,0,0,0,'рука'
0,-1,0,1,0,0,0,0,0,0,0,'дудочка'
0,0,0,1,0,0,0,0,0,0,0,'учение'
0,1,0,4,0,0,0,0,0,0,0,'тротуар'
0,1,0,1,0,0,0,0,0,0,0,'трактир'
0,1,1,7,0,0,0,0,0,0,0,'кот'
0,-1,0,3,0,0,0,0,0,0,0,'комната'
0,-1,0,1,0,0,0,0,0,0,0,'бровь'
1,1,1,17,16,0,0,16,0,0,0,'иван'
0,0,0,5,0,0,0,0,0,0,0,'обои'
0,0,0,1,1,0,0,1,0,0,0,'беганье'
0,0,0,3,1,0,0,1,0,0,0,'место'
0,1,0,4,0,0,0,0,0,0,0,'свет'
0,-1,0,1,0,0,0,0,0,0,0,'радость'
0,0,0,4,0,0,0,0,0,0,0,'учение'
0,0,0,1,1,0,0,0,0,0,0,'недоумение'
0,1,0,1,0,0,0,0,0,0,0,'сустав'
0,1,0,3,0,0,0,0,0,0,0,'лоб'
0,1,1,1,0,0,0,0,0,0,0,'кот'
0,0,0,1,0,0,0,0,0,0,0,'место'
0,1,0,1,0,0,0,0,0,0,0,'бок'
0,1,0,1,0,0,0,0,0,0,0,'голосок'
0,-1,0,17,0,0,0,0,0,0,0,'нея'
0,1,1,5,0,0,0,0,0,0,0,'кот'
0,0,0,2,0,0,0,0,0,0,0,'начало'
0,-1,0,6,0,0,0,0,0,0,0,'комната'
0,-1,0,2,1,0,0,0,0,0,0,'пила'
0,1,0,1,2,0,0,0,0,0,0,'лай'
0,1,0,1,0,0,0,0,0,0,0,'хвостик'
0,-1,1,1,0,0,0,0,0,0,0,'артистка'
0,1,1,3,0,0,0,0,0,0,0,'лак'
0,-1,0,1,1,0,0,0,0,0,0,'комната'
0,1,1,1,0,0,0,0,0,0,0,'человек'
0,0,0,1,0,0,0,0,0,0,0,'золото'
1,-1,1,1,0,0,0,0,0,0,0,'арабелла'
0,1,0,1,0,0,0,0,0,0,0,'золотой'
0,0,1,1,0,0,0,0,0,0,0,'лицо'
0,-1,1,1,0,0,0,0,0,0,0,'собака'
0,-1,0,1,0,0,0,0,0,0,0,'метла'
0,1,0,2,0,0,0,0,0,0,0,'ужас'
0,-1,0,4,0,0,0,0,0,0,0,'нея'
0,1,0,1,0,0,0,0,0,0,0,'опыт'
0,0,0,1,0,0,0,0,0,0,0,'плечо'
0,1,0,1,0,0,0,0,0,0,0,'двор'
0,-1,0,1,0,0,0,0,0,0,0,'кость'
0,1,0,1,0,0,0,0,0,0,0,'бич'
0,1,0,1,0,0,0,0,0,0,0,'корм'
0,1,0,1,0,0,0,0,0,0,0,'ус'
0,0,0,3,0,0,0,0,0,0,0,'место'
0,0,0,1,0,0,0,0,0,0,0,'чудо'
0,-1,0,1,0,0,0,0,0,0,0,'стружка'
0,1,0,1,0,0,0,0,0,0,0,'дождь'
0,0,0,1,0,0,0,0,0,0,0,'выражение'
0,-1,0,1,0,0,0,0,0,0,0,'одежда'
0,0,0,1,0,0,0,0,0,0,0,'блюдечко'
0,1,0,1,0,0,0,0,0,0,0,'успех'
0,1,0,1,0,0,0,0,0,0,0,'бок'
0,1,0,1,1,0,0,0,0,0,0,'сон'
0,-1,0,1,0,0,0,0,0,0,0,'обивка'
0,0,0,1,0,0,0,0,0,0,0,'появление'
0,0,0,1,0,0,0,0,0,0,0,'изнеможение'
0,1,1,2,0,0,0,0,0,0,0,'незнакомец'
0,0,0,1,0,0,0,0,0,0,0,'беспокойство'
0,1,0,3,3,0,0,1,0,0,0,'талант'
0,1,0,1,0,0,0,0,0,0,0,'огонь'
0,-1,0,3,0,0,0,0,0,0,0,'сторона'
0,0,0,2,0,0,0,0,0,0,0,'корытце'
0,1,0,1,0,0,0,0,0,0,0,'вид'
0,1,0,1,0,0,0,0,0,0,0,'миллион'
0,-1,0,1,0,0,0,0,0,0,0,'пирамида'
0,-1,0,10,0,0,0,0,0,0,0,'лапа'
0,0,0,2,0,0,0,0,0,0,0,'корытце'
0,1,0,2,0,0,0,0,0,0,0,'вечер'
0,0,0,3,0,0,0,0,0,0,0,'внимание'
0,1,0,1,0,0,0,0,0,0,0,'успех'
0,-1,1,1,0,0,0,0,0,0,0,'бабушка'
0,-1,0,1,0,0,0,0,0,0,0,'тишина'
0,0,0,1,0,0,0,0,0,0,0,'блюдечко'
0,-1,0,1,0,0,0,0,0,0,0,'теплота'
0,-1,0,7,0,0,0,0,0,0,0,'минута'
0,1,0,1,0,0,0,0,0,0,0,'угол'
0,0,0,1,0,0,0,0,0,0,0,'добродушие'
0,1,0,1,0,0,0,0,0,0,0,'пятачок'
0,1,1,1,1,0,0,1,0,0,0,'негодяй'
0,-1,0,1,0,0,0,0,0,0,0,'минута'
0,1,1,3,0,0,0,0,0,0,0,'заказчик'
0,-1,0,1,0,0,0,0,0,0,0,'газета'
0,0,0,1,0,0,0,0,0,0,0,'хрюканье'
0,1,0,1,1,0,0,1,0,0,0,'выход'
0,0,0,1,0,0,0,0,0,0,0,'забрало'
0,0,0,1,0,0,0,0,0,0,0,'битком'
0,0,0,1,0,0,0,0,0,0,0,'чащу'
0,1,1,1,0,0,0,0,0,0,0,'старик'
0,-1,0,1,0,0,0,0,0,0,0,'сторона'
0,-1,0,1,0,0,0,0,0,0,0,'шея'
0,1,0,1,0,0,0,0,0,0,0,'матрасик'
0,-1,0,1,0,0,0,0,0,0,0,'баклуша'
